114955265.0 114958865.0 0.00 0
114958865.0 114962465.0 40.02 0
114962465.0 114966065.0 120.39 1
114966065.0 114969665.0 216.06 0
114969665.0 114973265.0 21.78 0
114973265.0 114976865.0 174.15 0
114976865.0 114980465.0 124.04 0
114980465.0 114984065.0 82.32 0
114984065.0 114987665.0 146.96 0
114987665.0 114991265.0 83.16 0
114991265.0 114994865.0 87.08 0
114994865.0 114998465.0 159.45 0
114998465.0 115002065.0 102.08 0
115002065.0 115005665.0 56.93 0
115005665.0 115009265.0 135.11 0
115009265.0 115012865.0 51.25 0
115012865.0 115016465.0 143.01 0
115016465.0 115020065.0 163.52 1
115020065.0 115023665.0 53.68 0
115023665.0 115027265.0 249.43 0
115027265.0 115030865.0 119.00 0
115030865.0 115034465.0 139.58 0
115034465.0 115038065.0 233.59 0
115038065.0 115041665.0 86.24 0
115041665.0 115045265.0 191.53 0
115045265.0 115048865.0 153.96 0
115048865.0 115052465.0 69.64 0
115052465.0 115056065.0 228.38 0
115056065.0 115059665.0 69.76 0
115059665.0 115063265.0 121.68 0
115063265.0 115066865.0 183.65 0
115066865.0 115070465.0 59.09 0
115070465.0 115074065.0 129.37 0
115074065.0 115077665.0 120.79 0
115077665.0 115081265.0 89.10 0
115081265.0 115084865.0 133.92 0
115084865.0 115088465.0 136.52 0
115088465.0 115092065.0 23.25 0
115092065.0 115095665.0 161.43 0
115095665.0 115099265.0 102.29 0
115099265.0 115102865.0 88.60 0
115102865.0 115106465.0 223.46 0
115106465.0 115110065.0 52.92 0
115110065.0 115113665.0 199.88 0
115113665.0 115117265.0 170.92 0
115117265.0 115120865.0 90.58 0
115120865.0 115124465.0 261.39 1
115124465.0 115128065.0 124.90 1
115128065.0 115131665.0 140.24 0
115131665.0 115135265.0 238.38 0
115135265.0 115138865.0 68.95 0
115138865.0 115142465.0 189.08 1
115142465.0 115146065.0 130.68 0
115146065.0 115149665.0 86.90 0
115149665.0 115153265.0 130.66 0
115153265.0 115156865.0 59.83 0
115156865.0 115160465.0 124.68 0
115160465.0 115164065.0 172.92 0
115164065.0 115167665.0 90.12 0
115167665.0 115171265.0 78.69 0
115171265.0 115174865.0 135.40 0
115174865.0 115178465.0 64.09 0
115178465.0 115182065.0 125.27 0
115182065.0 115185665.0 157.52 0
115185665.0 115189265.0 32.51 0
115189265.0 115192865.0 223.12 0
115192865.0 115196465.0 108.34 0
115196465.0 115200065.0 148.63 0
115200065.0 115203665.0 229.61 0
115203665.0 115207265.0 90.72 0
115207265.0 115210865.0 212.41 1
115210865.0 115214465.0 177.03 0
115214465.0 115218065.0 94.25 0
115218065.0 115221665.0 263.12 0
115221665.0 115225265.0 100.43 0
115225265.0 115228865.0 141.41 0
115228865.0 115232465.0 189.56 0
115232465.0 115236065.0 35.88 0
115236065.0 115239665.0 174.52 0
115239665.0 115243265.0 115.44 1
115243265.0 115246865.0 96.26 0
115246865.0 115250465.0 158.87 0
115250465.0 115254065.0 104.09 0
115254065.0 115257665.0 64.47 0
115257665.0 115261265.0 159.64 0
115261265.0 115264865.0 93.08 0
115264865.0 115268465.0 69.58 0
115268465.0 115272065.0 193.37 0
115272065.0 115275665.0 42.37 0
115275665.0 115279265.0 181.11 0
115279265.0 115282865.0 163.71 0
115282865.0 115286465.0 93.03 0
115286465.0 115290065.0 270.32 0
115290065.0 115293665.0 110.63 0
115293665.0 115297265.0 157.10 0
115297265.0 115300865.0 15.39 0
115300865.0 115304465.0 0.00 0
115304465.0 115308065.0 234.27 0
115308065.0 115311665.0 204.87 0
115311665.0 115315265.0 106.65 0
115315265.0 115318865.0 268.90 1
115318865.0 115322465.0 64.60 0
115322465.0 115326065.0 174.48 1
115326065.0 115329665.0 216.43 0
115329665.0 115333265.0 116.88 0
115333265.0 115336865.0 130.58 0
115336865.0 115340465.0 129.61 0
115340465.0 115344065.0 115.55 0
115344065.0 115347665.0 173.56 0
115347665.0 115351265.0 184.56 0
115351265.0 115354865.0 15.23 0
115354865.0 115358465.0 241.05 1
115358465.0 115362065.0 124.98 0
115362065.0 115365665.0 159.07 0
115365665.0 115369265.0 280.47 0
115369265.0 115372865.0 99.65 0
115372865.0 115376465.0 288.35 0
115376465.0 115380065.0 210.13 0
115380065.0 115383665.0 132.54 0
115383665.0 115387265.0 340.89 0
115387265.0 115390865.0 144.69 1
115390865.0 115394465.0 197.86 0
115394465.0 115398065.0 275.90 0
115398065.0 115401665.0 47.88 0
115401665.0 115405265.0 263.59 2
115405265.0 115408865.0 138.86 0
115408865.0 115412465.0 124.65 0
115412465.0 115416065.0 217.95 0
115416065.0 115419665.0 96.33 0
115419665.0 115423265.0 131.20 0
115423265.0 115426865.0 196.45 0
115426865.0 115430465.0 119.95 0
115430465.0 115434065.0 110.80 0
115434065.0 115437665.0 194.87 0
115437665.0 115441265.0 35.47 0
115441265.0 115444865.0 203.33 0
115444865.0 115448465.0 196.58 0
115448465.0 115452065.0 89.10 0
115452065.0 115455665.0 324.68 0
115455665.0 115459265.0 126.03 0
115459265.0 115462865.0 217.40 0
115462865.0 115466465.0 284.29 2
115466465.0 115470065.0 108.66 0
115470065.0 115473665.0 288.73 1
115473665.0 115477265.0 218.09 0
115477265.0 115480865.0 125.09 0
115480865.0 115484465.0 317.71 0
115484465.0 115488065.0 82.13 0
115488065.0 115491665.0 196.90 0
115491665.0 115495265.0 208.65 0
115495265.0 115498865.0 86.32 0
115498865.0 115502465.0 186.37 0
115502465.0 115506065.0 123.16 0
115506065.0 115509665.0 124.49 0
115509665.0 115513265.0 200.00 0
115513265.0 115516865.0 163.37 0
115516865.0 115520465.0 47.85 0
115520465.0 115524065.0 192.86 0
115524065.0 115527665.0 110.83 0
115527665.0 115531265.0 131.72 0
115531265.0 115534865.0 260.13 0
115534865.0 115538465.0 56.20 0
115538465.0 115542065.0 288.23 0
115542065.0 115545665.0 195.43 0
115545665.0 115549265.0 146.23 0
115549265.0 115552865.0 339.86 0
115552865.0 115556465.0 131.27 0
115556465.0 115560065.0 219.60 0
115560065.0 115563665.0 293.13 0
115563665.0 115567265.0 94.88 0
115567265.0 115570865.0 286.41 0
115570865.0 115574465.0 153.54 0
115574465.0 115578065.0 122.63 0
115578065.0 115581665.0 244.21 0
115581665.0 115585265.0 44.17 0
115585265.0 115588865.0 115.37 0
115588865.0 115592465.0 188.25 0
115592465.0 115596065.0 120.07 0
115596065.0 115599665.0 135.39 0
115599665.0 115603265.0 152.72 0
115603265.0 115606865.0 63.64 0
115606865.0 115610465.0 179.59 2
115610465.0 115614065.0 172.46 1
115614065.0 115617665.0 59.13 0
115617665.0 115621265.0 278.67 0
115621265.0 115624865.0 108.55 0
115624865.0 115628465.0 217.50 0
115628465.0 115632065.0 267.19 1
115632065.0 115635665.0 117.55 0
115635665.0 115639265.0 307.71 0
115639265.0 115642865.0 198.35 0
115642865.0 115646465.0 148.35 0
115646465.0 115650065.0 340.71 0
115650065.0 115653665.0 113.38 0
115653665.0 115657265.0 213.95 1
115657265.0 115660865.0 228.33 0
115660865.0 115664465.0 63.05 0
115664465.0 115668065.0 235.83 0
115668065.0 115671665.0 111.88 0
115671665.0 115675265.0 120.74 0
115675265.0 115678865.0 225.77 0
115678865.0 115682465.0 116.72 0
115682465.0 115686065.0 94.05 1
115686065.0 115689665.0 177.22 0
115689665.0 115693265.0 125.64 0
115693265.0 115696865.0 115.99 0
115696865.0 115700465.0 234.82 0
115700465.0 115704065.0 22.95 0
115704065.0 115707665.0 258.23 0
115707665.0 115711265.0 185.91 1
115711265.0 115714865.0 146.77 0
115714865.0 115718465.0 338.15 0
115718465.0 115722065.0 125.16 0
115722065.0 115725665.0 237.16 0
115725665.0 115729265.0 30.70 0
115729265.0 115732865.0 0.00 0
115732865.0 115736465.0 0.00 0
115736465.0 115740065.0 0.00 0
115740065.0 115743665.0 0.00 0
115743665.0 115747265.0 0.00 0
115747265.0 115750865.0 0.00 0
115750865.0 115754465.0 0.00 0
115754465.0 115758065.0 0.00 0
115758065.0 115761665.0 0.00 0
115761665.0 115765265.0 0.00 0
115765265.0 115768865.0 0.00 0
115768865.0 115772465.0 0.00 0
115772465.0 115776065.0 0.00 0
115776065.0 115779665.0 0.00 0
115779665.0 115783265.0 0.00 0
115783265.0 115786865.0 0.00 0
115786865.0 115790465.0 0.00 0
115790465.0 115794065.0 0.00 0
115794065.0 115797665.0 0.00 0
115797665.0 115801265.0 0.00 0
115801265.0 115804865.0 0.00 0
115804865.0 115808465.0 0.00 0
115808465.0 115812065.0 0.00 0
115812065.0 115815665.0 0.00 0
115815665.0 115819265.0 0.00 0
115819265.0 115822865.0 0.00 0
115822865.0 115826465.0 0.00 0
115826465.0 115830065.0 0.00 0
115830065.0 115833665.0 0.00 0
115833665.0 115837265.0 0.00 0
115837265.0 115840865.0 0.00 0
115840865.0 115844465.0 0.00 0
115844465.0 115848065.0 0.00 0
115848065.0 115851665.0 0.00 0
115851665.0 115855265.0 0.00 0
115855265.0 115858865.0 0.00 0
115858865.0 115862465.0 0.00 0
115862465.0 115866065.0 0.00 0
115866065.0 115869665.0 0.00 0
115869665.0 115873265.0 0.00 0
115873265.0 115876865.0 0.00 0
115876865.0 115880465.0 0.00 0
115880465.0 115884065.0 0.00 0
115884065.0 115887665.0 0.00 0
115887665.0 115891265.0 0.00 0
115891265.0 115894865.0 0.00 0
115894865.0 115898465.0 0.00 0
115898465.0 115902065.0 0.00 0
115902065.0 115905665.0 0.00 0
115905665.0 115909265.0 0.00 0
115909265.0 115912865.0 0.00 0
115912865.0 115916465.0 0.00 0
115916465.0 115920065.0 0.00 0
115920065.0 115923665.0 0.00 0
115923665.0 115927265.0 0.00 0
115927265.0 115930865.0 0.00 0
115930865.0 115934465.0 0.00 0
115934465.0 115938065.0 0.00 0
115938065.0 115941665.0 0.00 0
115941665.0 115945265.0 0.00 0
115945265.0 115948865.0 0.00 0
115948865.0 115952465.0 0.00 0
115952465.0 115956065.0 0.00 0
115956065.0 115959665.0 0.00 0
115959665.0 115963265.0 0.00 0
115963265.0 115966865.0 0.00 0
115966865.0 115970465.0 0.00 0
115970465.0 115974065.0 0.00 0
115974065.0 115977665.0 0.00 0
115977665.0 115981265.0 0.00 0
115981265.0 115984865.0 0.00 0
115984865.0 115988465.0 0.00 0
115988465.0 115992065.0 0.00 0
115992065.0 115995665.0 0.00 0
115995665.0 115999265.0 0.00 0
115999265.0 116002865.0 0.00 0
116002865.0 116006465.0 0.00 0
116006465.0 116010065.0 0.00 0
116010065.0 116013665.0 0.00 0
116013665.0 116017265.0 0.00 0
116017265.0 116020865.0 0.00 0
116020865.0 116024465.0 0.00 0
116024465.0 116028065.0 0.00 0
116028065.0 116031665.0 0.00 0
116031665.0 116035265.0 0.00 0
116035265.0 116038865.0 0.00 0
116038865.0 116042465.0 0.00 0
116042465.0 116046065.0 0.00 0
116046065.0 116049665.0 0.00 0
116049665.0 116053265.0 0.00 0
116053265.0 116056865.0 0.00 0
116056865.0 116060465.0 0.00 0
116060465.0 116064065.0 0.00 0
116064065.0 116067665.0 0.00 0
116067665.0 116071265.0 0.00 0
116071265.0 116074865.0 0.00 0
116074865.0 116078465.0 0.00 0
116078465.0 116082065.0 0.00 0
116082065.0 116085665.0 0.00 0
116085665.0 116089265.0 0.00 0
116089265.0 116092865.0 0.00 0
116092865.0 116096465.0 0.00 0
116096465.0 116100065.0 0.00 0
116100065.0 116103665.0 0.00 0
116103665.0 116107265.0 0.00 0
116107265.0 116110865.0 0.00 0
116110865.0 116114465.0 0.00 0
116114465.0 116118065.0 0.00 0
116118065.0 116121665.0 0.00 0
116121665.0 116125265.0 0.00 0
116125265.0 116128865.0 0.00 0
116128865.0 116132465.0 0.00 0
116132465.0 116136065.0 0.00 0
116136065.0 116139665.0 0.00 0
116139665.0 116143265.0 0.00 0
116143265.0 116146865.0 0.00 0
116146865.0 116150465.0 0.00 0
116150465.0 116154065.0 0.00 0
116154065.0 116157665.0 0.00 0
116157665.0 116161265.0 0.00 0
116161265.0 116164865.0 0.00 0
116164865.0 116168465.0 0.00 0
116168465.0 116172065.0 0.00 0
116172065.0 116175665.0 0.00 0
116175665.0 116179265.0 0.00 0
116179265.0 116182865.0 0.00 0
116182865.0 116186465.0 0.00 0
116186465.0 116190065.0 0.00 0
116190065.0 116193665.0 0.00 0
116193665.0 116197265.0 0.00 0
116197265.0 116200865.0 0.00 0
116200865.0 116204465.0 0.00 0
116204465.0 116208065.0 0.00 0
116208065.0 116211665.0 0.00 0
116211665.0 116215265.0 0.00 0
116215265.0 116218865.0 0.00 0
116218865.0 116222465.0 0.00 0
116222465.0 116226065.0 0.00 0
116226065.0 116229665.0 0.00 0
116229665.0 116233265.0 0.00 0
116233265.0 116236865.0 0.00 0
116236865.0 116240465.0 0.00 0
116240465.0 116244065.0 0.00 0
116244065.0 116247665.0 0.00 0
116247665.0 116251265.0 0.00 0
116251265.0 116254865.0 0.00 0
116254865.0 116258465.0 0.00 0
116258465.0 116262065.0 0.00 0
116262065.0 116265665.0 0.00 0
116265665.0 116269265.0 0.00 0
116269265.0 116272865.0 0.00 0
116272865.0 116276465.0 0.00 0
116276465.0 116280065.0 0.00 0
116280065.0 116283665.0 0.00 0
116283665.0 116287265.0 0.00 0
116287265.0 116290865.0 0.00 0
116290865.0 116294465.0 0.00 0
116294465.0 116298065.0 0.00 0
116298065.0 116301665.0 0.00 0
116301665.0 116305265.0 0.00 0
116305265.0 116308865.0 0.00 0
116308865.0 116312465.0 0.00 0
116312465.0 116316065.0 0.00 0
116316065.0 116319665.0 0.00 0
116319665.0 116323265.0 0.00 0
116323265.0 116326865.0 0.00 0
116326865.0 116330465.0 0.00 0
116330465.0 116334065.0 0.00 0
116334065.0 116337665.0 0.00 0
116337665.0 116341265.0 0.00 0
116341265.0 116344865.0 0.00 0
116344865.0 116348465.0 0.00 0
116348465.0 116352065.0 0.00 0
116352065.0 116355665.0 0.00 0
116355665.0 116359265.0 0.00 0
116359265.0 116362865.0 0.00 0
116362865.0 116366465.0 0.00 0
116366465.0 116370065.0 0.00 0
116370065.0 116373665.0 0.00 0
116373665.0 116377265.0 0.00 0
116377265.0 116380865.0 0.00 0
116380865.0 116384465.0 0.00 0
116384465.0 116388065.0 0.00 0
116388065.0 116391665.0 0.00 0
116391665.0 116395265.0 0.00 0
116395265.0 116398865.0 0.00 0
116398865.0 116402465.0 0.00 0
116402465.0 116406065.0 0.00 0
116406065.0 116409665.0 0.00 0
116409665.0 116413265.0 0.00 0
116413265.0 116416865.0 0.00 0
116416865.0 116420465.0 0.00 0
116420465.0 116424065.0 0.00 0
116424065.0 116427665.0 0.00 0
116427665.0 116431265.0 0.00 0
116431265.0 116434865.0 0.00 0
116434865.0 116438465.0 0.00 0
116438465.0 116442065.0 0.00 0
116442065.0 116445665.0 0.00 0
116445665.0 116449265.0 0.00 0
116449265.0 116452865.0 0.00 0
116452865.0 116456465.0 0.00 0
116456465.0 116460065.0 0.00 0
116460065.0 116463665.0 0.00 0
116463665.0 116467265.0 0.00 0
116467265.0 116470865.0 0.00 0
116470865.0 116474465.0 0.00 0
116474465.0 116478065.0 0.00 0
116478065.0 116481665.0 0.00 0
116481665.0 116485265.0 0.00 0
116485265.0 116488865.0 0.00 0
116488865.0 116492465.0 0.00 0
116492465.0 116496065.0 0.00 0
116496065.0 116499665.0 0.00 0
116499665.0 116503265.0 0.00 0
116503265.0 116506865.0 0.00 0
116506865.0 116510465.0 0.00 0
116510465.0 116514065.0 0.00 0
116514065.0 116517665.0 0.00 0
116517665.0 116521265.0 0.00 0
116521265.0 116524865.0 0.00 0
116524865.0 116528465.0 0.00 0
116528465.0 116532065.0 0.00 0
116532065.0 116535665.0 0.00 0
116535665.0 116539265.0 0.00 0
116539265.0 116542865.0 0.00 0
116542865.0 116546465.0 0.00 0
116546465.0 116550065.0 0.00 0
116550065.0 116553665.0 0.00 0
116553665.0 116557265.0 0.00 0
116557265.0 116560865.0 0.00 0
116560865.0 116564465.0 0.00 0
116564465.0 116568065.0 0.00 0
116568065.0 116571665.0 0.00 0
116571665.0 116575265.0 0.00 0
116575265.0 116578865.0 0.00 0
116578865.0 116582465.0 0.00 0
116582465.0 116586065.0 0.00 0
116586065.0 116589665.0 0.00 0
116589665.0 116593265.0 0.00 0
116593265.0 116596865.0 0.00 0
116596865.0 116600465.0 0.00 0
116600465.0 116604065.0 0.00 0
116604065.0 116607665.0 0.00 0
116607665.0 116611265.0 0.00 0
116611265.0 116614865.0 0.00 0
116614865.0 116618465.0 0.00 0
116618465.0 116622065.0 0.00 0
116622065.0 116625665.0 0.00 0
116625665.0 116629265.0 0.00 0
116629265.0 116632865.0 0.00 0
116632865.0 116636465.0 0.00 0
116636465.0 116640065.0 0.00 0
116640065.0 116643665.0 0.00 0
116643665.0 116647265.0 0.00 0
116647265.0 116650865.0 0.00 0
116650865.0 116654465.0 0.00 0
116654465.0 116658065.0 0.00 0
116658065.0 116661665.0 0.00 0
116661665.0 116665265.0 0.00 0
116665265.0 116668865.0 0.00 0
116668865.0 116672465.0 0.00 0
116672465.0 116676065.0 0.00 0
116676065.0 116679665.0 0.00 0
116679665.0 116683265.0 0.00 0
116683265.0 116686865.0 0.00 0
116686865.0 116690465.0 0.00 0
116690465.0 116694065.0 0.00 0
116694065.0 116697665.0 0.00 0
116697665.0 116701265.0 0.00 0
116701265.0 116704865.0 0.00 0
116704865.0 116708465.0 0.00 0
116708465.0 116712065.0 0.00 0
116712065.0 116715665.0 0.00 0
116715665.0 116719265.0 0.00 0
116719265.0 116722865.0 0.00 0
116722865.0 116726465.0 0.00 0
116726465.0 116730065.0 0.00 0
116730065.0 116733665.0 0.00 0
116733665.0 116737265.0 0.00 0
116737265.0 116740865.0 0.00 0
116740865.0 116744465.0 0.00 0
116744465.0 116748065.0 0.00 0
116748065.0 116751665.0 0.00 0
116751665.0 116755265.0 0.00 0
116755265.0 116758865.0 0.00 0
116758865.0 116762465.0 0.00 0
116762465.0 116766065.0 0.00 0
116766065.0 116769665.0 0.00 0
116769665.0 116773265.0 0.00 0
116773265.0 116776865.0 0.00 0
116776865.0 116780465.0 0.00 0
116780465.0 116784065.0 0.00 0
116784065.0 116787665.0 0.00 0
116787665.0 116791265.0 0.00 0
116791265.0 116794865.0 0.00 0
116794865.0 116798465.0 0.00 0
116798465.0 116802065.0 0.00 0
116802065.0 116805665.0 0.00 0
116805665.0 116809265.0 0.00 0
116809265.0 116812865.0 0.00 0
116812865.0 116816465.0 0.00 0
116816465.0 116820065.0 0.00 0
116820065.0 116823665.0 0.00 0
116823665.0 116827265.0 0.00 0
116827265.0 116830865.0 0.00 0
116830865.0 116834465.0 0.00 0
116834465.0 116838065.0 0.00 0
116838065.0 116841665.0 0.00 0
116841665.0 116845265.0 0.00 0
116845265.0 116848865.0 0.00 0
116848865.0 116852465.0 0.00 0
116852465.0 116856065.0 0.00 0
116856065.0 116859665.0 0.00 0
116859665.0 116863265.0 0.00 0
116863265.0 116866865.0 0.00 0
116866865.0 116870465.0 0.00 0
116870465.0 116874065.0 0.00 0
116874065.0 116877665.0 0.00 0
116877665.0 116881265.0 0.00 0
116881265.0 116884865.0 0.00 0
116884865.0 116888465.0 0.00 0
116888465.0 116892065.0 0.00 0
116892065.0 116895665.0 0.00 0
116895665.0 116899265.0 0.00 0
116899265.0 116902865.0 0.00 0
116902865.0 116906465.0 0.00 0
116906465.0 116910065.0 0.00 0
116910065.0 116913665.0 0.00 0
116913665.0 116917265.0 0.00 0
116917265.0 116920865.0 0.00 0
116920865.0 116924465.0 0.00 0
116924465.0 116928065.0 0.00 0
116928065.0 116931665.0 0.00 0
116931665.0 116935265.0 0.00 0
116935265.0 116938865.0 0.00 0
116938865.0 116942465.0 0.00 0
116942465.0 116946065.0 0.00 0
116946065.0 116949665.0 0.00 0
116949665.0 116953265.0 0.00 0
116953265.0 116956865.0 0.00 0
116956865.0 116960465.0 0.00 0
116960465.0 116964065.0 0.00 0
116964065.0 116967665.0 0.00 0
116967665.0 116971265.0 0.00 0
116971265.0 116974865.0 0.00 0
116974865.0 116978465.0 0.00 0
116978465.0 116982065.0 0.00 0
116982065.0 116985665.0 0.00 0
116985665.0 116989265.0 0.00 0
116989265.0 116992865.0 0.00 0
116992865.0 116996465.0 0.00 0
116996465.0 117000065.0 0.00 0
117000065.0 117003665.0 0.00 0
117003665.0 117007265.0 0.00 0
117007265.0 117010865.0 0.00 0
117010865.0 117014465.0 0.00 0
117014465.0 117018065.0 0.00 0
117018065.0 117021665.0 0.00 0
117021665.0 117025265.0 0.00 0
117025265.0 117028865.0 0.00 0
117028865.0 117032465.0 0.00 0
117032465.0 117036065.0 0.00 0
117036065.0 117039665.0 0.00 0
117039665.0 117043265.0 0.00 0
117043265.0 117046865.0 0.00 0
117046865.0 117050465.0 0.00 0
117050465.0 117054065.0 0.00 0
117054065.0 117057665.0 0.00 0
117057665.0 117061265.0 0.00 0
117061265.0 117064865.0 0.00 0
117064865.0 117068465.0 0.00 0
117068465.0 117072065.0 0.00 0
117072065.0 117075665.0 0.00 0
117075665.0 117079265.0 0.00 0
117079265.0 117082865.0 0.00 0
117082865.0 117086465.0 0.00 0
117086465.0 117090065.0 0.00 0
117090065.0 117093665.0 0.00 0
117093665.0 117097265.0 0.00 0
117097265.0 117100865.0 0.00 0
117100865.0 117104465.0 0.00 0
117104465.0 117108065.0 0.00 0
117108065.0 117111665.0 0.00 0
117111665.0 117115265.0 0.00 0
117115265.0 117118865.0 0.00 0
117118865.0 117122465.0 0.00 0
117122465.0 117126065.0 0.00 0
117126065.0 117129665.0 0.00 0
117129665.0 117133265.0 0.00 0
117133265.0 117136865.0 0.00 0
117136865.0 117140465.0 0.00 0
117140465.0 117144065.0 0.00 0
117144065.0 117147665.0 0.00 0
117147665.0 117151265.0 0.00 0
117151265.0 117154865.0 0.00 0
117154865.0 117158465.0 0.00 0
117158465.0 117162065.0 0.00 0
117162065.0 117165665.0 0.00 0
117165665.0 117169265.0 0.00 0
117169265.0 117172865.0 0.00 0
117172865.0 117176465.0 0.00 0
117176465.0 117180065.0 0.00 0
117180065.0 117183665.0 0.00 0
117183665.0 117187265.0 0.00 0
117187265.0 117190865.0 0.00 0
117190865.0 117194465.0 0.00 0
117194465.0 117198065.0 0.00 0
117198065.0 117201665.0 0.00 0
117201665.0 117205265.0 0.00 0
117205265.0 117208865.0 0.00 0
117208865.0 117212465.0 0.00 0
117212465.0 117216065.0 0.00 0
117216065.0 117219665.0 0.00 0
117219665.0 117223265.0 0.00 0
117223265.0 117226865.0 0.00 0
117226865.0 117230465.0 0.00 0
117230465.0 117234065.0 0.00 0
117234065.0 117237665.0 0.00 0
117237665.0 117241265.0 0.00 0
117241265.0 117244865.0 0.00 0
117244865.0 117248465.0 0.00 0
117248465.0 117252065.0 0.00 0
117252065.0 117255665.0 0.00 0
117255665.0 117259265.0 0.00 0
117259265.0 117262865.0 0.00 0
117262865.0 117266465.0 0.00 0
117266465.0 117270065.0 0.00 0
117270065.0 117273665.0 0.00 0
117273665.0 117277265.0 0.00 0
117277265.0 117280865.0 0.00 0
117280865.0 117284465.0 0.00 0
117284465.0 117288065.0 0.00 0
117288065.0 117291665.0 0.00 0
117291665.0 117295265.0 0.00 0
117295265.0 117298865.0 0.00 0
117298865.0 117302465.0 0.00 0
117302465.0 117306065.0 0.00 0
117306065.0 117309665.0 0.00 0
117309665.0 117313265.0 0.00 0
117313265.0 117316865.0 0.00 0
117316865.0 117320465.0 0.00 0
117320465.0 117324065.0 0.00 0
117324065.0 117327665.0 0.00 0
117327665.0 117331265.0 0.00 0
117331265.0 117334865.0 0.00 0
117334865.0 117338465.0 0.00 0
117338465.0 117342065.0 0.00 0
117342065.0 117345665.0 0.00 0
117345665.0 117349265.0 0.00 0
117349265.0 117352865.0 0.00 0
117352865.0 117356465.0 0.00 0
117356465.0 117360065.0 0.00 0
117360065.0 117363665.0 0.00 0
117363665.0 117367265.0 0.00 0
117367265.0 117370865.0 0.00 0
117370865.0 117374465.0 0.00 0
117374465.0 117378065.0 0.00 0
117378065.0 117381665.0 0.00 0
117381665.0 117385265.0 0.00 0
117385265.0 117388865.0 0.00 0
117388865.0 117392465.0 0.00 0
117392465.0 117396065.0 0.00 0
117396065.0 117399665.0 0.00 0
117399665.0 117403265.0 0.00 0
117403265.0 117406865.0 0.00 0
117406865.0 117410465.0 0.00 0
117410465.0 117414065.0 0.00 0
117414065.0 117417665.0 0.00 0
117417665.0 117421265.0 0.00 0
117421265.0 117424865.0 0.00 0
117424865.0 117428465.0 0.00 0
117428465.0 117432065.0 0.00 0
117432065.0 117435665.0 0.00 0
117435665.0 117439265.0 0.00 0
117439265.0 117442865.0 0.00 0
117442865.0 117446465.0 0.00 0
117446465.0 117450065.0 0.00 0
117450065.0 117453665.0 0.00 0
117453665.0 117457265.0 0.00 0
117457265.0 117460865.0 0.00 0
117460865.0 117464465.0 0.00 0
117464465.0 117468065.0 0.00 0
117468065.0 117471665.0 0.00 0
117471665.0 117475265.0 0.00 0
117475265.0 117478865.0 0.00 0
117478865.0 117482465.0 0.00 0
117482465.0 117486065.0 0.00 0
117486065.0 117489665.0 0.00 0
117489665.0 117493265.0 0.00 0
117493265.0 117496865.0 0.00 0
117496865.0 117500465.0 0.00 0
117500465.0 117504065.0 0.00 0
117504065.0 117507665.0 0.00 0
117507665.0 117511265.0 0.00 0
117511265.0 117514865.0 0.00 0
117514865.0 117518465.0 0.00 0
117518465.0 117522065.0 0.00 0
117522065.0 117525665.0 0.00 0
117525665.0 117529265.0 0.00 0
117529265.0 117532865.0 0.00 0
117532865.0 117536465.0 0.00 0
117536465.0 117540065.0 0.00 0
117540065.0 117543665.0 0.00 0
117543665.0 117547265.0 0.00 0
117547265.0 117550865.0 0.00 0
117550865.0 117554465.0 0.00 0
117554465.0 117558065.0 0.00 0
117558065.0 117561665.0 0.00 0
117561665.0 117565265.0 0.00 0
117565265.0 117568865.0 0.00 0
117568865.0 117572465.0 0.00 0
117572465.0 117576065.0 0.00 0
117576065.0 117579665.0 0.00 0
117579665.0 117583265.0 0.00 0
117583265.0 117586865.0 0.00 0
117586865.0 117590465.0 0.00 0
117590465.0 117594065.0 0.00 0
117594065.0 117597665.0 0.00 0
117597665.0 117601265.0 0.00 0
117601265.0 117604865.0 0.00 0
117604865.0 117608465.0 0.00 0
117608465.0 117612065.0 0.00 0
117612065.0 117615665.0 0.00 0
117615665.0 117619265.0 0.00 0
117619265.0 117622865.0 0.00 0
117622865.0 117626465.0 0.00 0
117626465.0 117630065.0 0.00 0
117630065.0 117633665.0 0.00 0
117633665.0 117637265.0 0.00 0
117637265.0 117640865.0 0.00 0
117640865.0 117644465.0 0.00 0
117644465.0 117648065.0 0.00 0
117648065.0 117651665.0 0.00 0
117651665.0 117655265.0 0.00 0
117655265.0 117658865.0 0.00 0
117658865.0 117662465.0 0.00 0
117662465.0 117666065.0 0.00 0
117666065.0 117669665.0 0.00 0
117669665.0 117673265.0 0.00 0
117673265.0 117676865.0 0.00 0
117676865.0 117680465.0 0.00 0
117680465.0 117684065.0 0.00 0
117684065.0 117687665.0 0.00 0
117687665.0 117691265.0 0.00 0
117691265.0 117694865.0 0.00 0
117694865.0 117698465.0 0.00 0
117698465.0 117702065.0 0.00 0
117702065.0 117705665.0 0.00 0
117705665.0 117709265.0 0.00 0
117709265.0 117712865.0 0.00 0
117712865.0 117716465.0 0.00 0
117716465.0 117720065.0 0.00 0
117720065.0 117723665.0 0.00 0
117723665.0 117727265.0 0.00 0
117727265.0 117730865.0 0.00 0
117730865.0 117734465.0 0.00 0
117734465.0 117738065.0 0.00 0
117738065.0 117741665.0 0.00 0
117741665.0 117745265.0 0.00 0
117745265.0 117748865.0 0.00 0
117748865.0 117752465.0 0.00 0
117752465.0 117756065.0 0.00 0
117756065.0 117759665.0 0.00 0
117759665.0 117763265.0 0.00 0
117763265.0 117766865.0 0.00 0
117766865.0 117770465.0 0.00 0
117770465.0 117774065.0 0.00 0
117774065.0 117777665.0 0.00 0
117777665.0 117781265.0 0.00 0
117781265.0 117784865.0 0.00 0
117784865.0 117788465.0 0.00 0
117788465.0 117792065.0 0.00 0
117792065.0 117795665.0 0.00 0
117795665.0 117799265.0 0.00 0
117799265.0 117802865.0 0.00 0
117802865.0 117806465.0 0.00 0
117806465.0 117810065.0 0.00 0
117810065.0 117813665.0 0.00 0
117813665.0 117817265.0 0.00 0
117817265.0 117820865.0 0.00 0
117820865.0 117824465.0 0.00 0
117824465.0 117828065.0 0.00 0
117828065.0 117831665.0 0.00 0
117831665.0 117835265.0 0.00 0
117835265.0 117838865.0 0.00 0
117838865.0 117842465.0 0.00 0
117842465.0 117846065.0 0.00 0
117846065.0 117849665.0 0.00 0
117849665.0 117853265.0 0.00 0
117853265.0 117856865.0 0.00 0
117856865.0 117860465.0 0.00 0
117860465.0 117864065.0 0.00 0
117864065.0 117867665.0 0.00 0
117867665.0 117871265.0 0.00 0
117871265.0 117874865.0 0.00 0
117874865.0 117878465.0 0.00 0
117878465.0 117882065.0 0.00 0
117882065.0 117885665.0 0.00 0
117885665.0 117889265.0 0.00 0
117889265.0 117892865.0 0.00 0
117892865.0 117896465.0 0.00 0
117896465.0 117900065.0 0.00 0
117900065.0 117903665.0 0.00 0
117903665.0 117907265.0 0.00 0
117907265.0 117910865.0 0.00 0
117910865.0 117914465.0 0.00 0
117914465.0 117918065.0 0.00 0
117918065.0 117921665.0 0.00 0
117921665.0 117925265.0 0.00 0
117925265.0 117928865.0 0.00 0
117928865.0 117932465.0 0.00 0
117932465.0 117936065.0 0.00 0
117936065.0 117939665.0 0.00 0
117939665.0 117943265.0 0.00 0
117943265.0 117946865.0 0.00 0
117946865.0 117950465.0 0.00 0
117950465.0 117954065.0 0.00 0
117954065.0 117957665.0 0.00 0
117957665.0 117961265.0 0.00 0
117961265.0 117964865.0 0.00 0
117964865.0 117968465.0 0.00 0
117968465.0 117972065.0 0.00 0
117972065.0 117975665.0 0.00 0
117975665.0 117979265.0 0.00 0
117979265.0 117982865.0 0.00 0
117982865.0 117986465.0 0.00 0
117986465.0 117990065.0 0.00 0
117990065.0 117993665.0 0.00 0
117993665.0 117997265.0 0.00 0
117997265.0 118000865.0 0.00 0
118000865.0 118004465.0 0.00 0
118004465.0 118008065.0 0.00 0
118008065.0 118011665.0 0.00 0
118011665.0 118015265.0 0.00 0
118015265.0 118018865.0 0.00 0
118018865.0 118022465.0 0.00 0
118022465.0 118026065.0 0.00 0
118026065.0 118029665.0 0.00 0
118029665.0 118033265.0 0.00 0
118033265.0 118036865.0 0.00 0
118036865.0 118040465.0 0.00 0
118040465.0 118044065.0 0.00 0
118044065.0 118047665.0 0.00 0
118047665.0 118051265.0 0.00 0
118051265.0 118054865.0 0.00 0
118054865.0 118058465.0 0.00 0
118058465.0 118062065.0 0.00 0
118062065.0 118065665.0 0.00 0
118065665.0 118069265.0 0.00 0
118069265.0 118072865.0 0.00 0
118072865.0 118076465.0 0.00 0
118076465.0 118080065.0 0.00 0
118080065.0 118083665.0 0.00 0
118083665.0 118087265.0 0.00 0
118087265.0 118090865.0 0.00 0
118090865.0 118094465.0 0.00 0
118094465.0 118098065.0 0.00 0
118098065.0 118101665.0 0.00 0
118101665.0 118105265.0 0.00 0
118105265.0 118108865.0 0.00 0
118108865.0 118112465.0 0.00 0
118112465.0 118116065.0 0.00 0
118116065.0 118119665.0 0.00 0
118119665.0 118123265.0 0.00 0
118123265.0 118126865.0 0.00 0
118126865.0 118130465.0 0.00 0
118130465.0 118134065.0 0.00 0
118134065.0 118137665.0 0.00 0
118137665.0 118141265.0 0.00 0
118141265.0 118144865.0 0.00 0
118144865.0 118148465.0 0.00 0
118148465.0 118152065.0 0.00 0
118152065.0 118155665.0 0.00 0
118155665.0 118159265.0 0.00 0
118159265.0 118162865.0 0.00 0
118162865.0 118166465.0 0.00 0
118166465.0 118170065.0 0.00 0
118170065.0 118173665.0 0.00 0
118173665.0 118177265.0 0.00 0
118177265.0 118180865.0 0.00 0
118180865.0 118184465.0 0.00 0
118184465.0 118188065.0 0.00 0
118188065.0 118191665.0 0.00 0
118191665.0 118195265.0 0.00 0
118195265.0 118198865.0 0.00 0
118198865.0 118202465.0 0.00 0
118202465.0 118206065.0 0.00 0
118206065.0 118209665.0 0.00 0
118209665.0 118213265.0 0.00 0
118213265.0 118216865.0 0.00 0
118216865.0 118220465.0 0.00 0
118220465.0 118224065.0 0.00 0
118224065.0 118227665.0 0.00 0
118227665.0 118231265.0 0.00 0
118231265.0 118234865.0 0.00 0
118234865.0 118238465.0 0.00 0
118238465.0 118242065.0 0.00 0
118242065.0 118245665.0 0.00 0
118245665.0 118249265.0 0.00 0
118249265.0 118252865.0 0.00 0
118252865.0 118256465.0 0.00 0
118256465.0 118260065.0 0.00 0
118260065.0 118263665.0 0.00 0
118263665.0 118267265.0 0.00 0
118267265.0 118270865.0 0.00 0
118270865.0 118274465.0 0.00 0
118274465.0 118278065.0 0.00 0
118278065.0 118281665.0 0.00 0
118281665.0 118285265.0 0.00 0
118285265.0 118288865.0 0.00 0
118288865.0 118292465.0 0.00 0
118292465.0 118296065.0 0.00 0
118296065.0 118299665.0 0.00 0
118299665.0 118303265.0 0.00 0
118303265.0 118306865.0 0.00 0
118306865.0 118310465.0 0.00 0
118310465.0 118314065.0 0.00 0
118314065.0 118317665.0 0.00 0
118317665.0 118321265.0 0.00 0
118321265.0 118324865.0 0.00 0
118324865.0 118328465.0 0.00 0
118328465.0 118332065.0 0.00 0
118332065.0 118335665.0 0.00 0
118335665.0 118339265.0 0.00 0
118339265.0 118342865.0 0.00 0
118342865.0 118346465.0 0.00 0
118346465.0 118350065.0 0.00 0
118350065.0 118353665.0 0.00 0
118353665.0 118357265.0 0.00 0
118357265.0 118360865.0 0.00 0
118360865.0 118364465.0 0.00 0
118364465.0 118368065.0 0.00 0
118368065.0 118371665.0 0.00 0
118371665.0 118375265.0 0.00 0
118375265.0 118378865.0 0.00 0
118378865.0 118382465.0 0.00 0
118382465.0 118386065.0 0.00 0
118386065.0 118389665.0 0.00 0
118389665.0 118393265.0 0.00 0
118393265.0 118396865.0 0.00 0
118396865.0 118400465.0 0.00 0
118400465.0 118404065.0 0.00 0
118404065.0 118407665.0 0.00 0
118407665.0 118411265.0 0.00 0
118411265.0 118414865.0 0.00 0
118414865.0 118418465.0 0.00 0
118418465.0 118422065.0 0.00 0
118422065.0 118425665.0 0.00 0
118425665.0 118429265.0 0.00 0
118429265.0 118432865.0 0.00 0
118432865.0 118436465.0 0.00 0
118436465.0 118440065.0 0.00 0
118440065.0 118443665.0 0.00 0
118443665.0 118447265.0 0.00 0
118447265.0 118450865.0 0.00 0
118450865.0 118454465.0 0.00 0
118454465.0 118458065.0 0.00 0
118458065.0 118461665.0 0.00 0
118461665.0 118465265.0 0.00 0
118465265.0 118468865.0 0.00 0
118468865.0 118472465.0 0.00 0
118472465.0 118476065.0 0.00 0
118476065.0 118479665.0 0.00 0
118479665.0 118483265.0 0.00 0
118483265.0 118486865.0 0.00 0
118486865.0 118490465.0 0.00 0
118490465.0 118494065.0 0.00 0
118494065.0 118497665.0 0.00 0
118497665.0 118501265.0 0.00 0
118501265.0 118504865.0 0.00 0
118504865.0 118508465.0 0.00 0
118508465.0 118512065.0 0.00 0
118512065.0 118515665.0 0.00 0
118515665.0 118519265.0 0.00 0
118519265.0 118522865.0 0.00 0
118522865.0 118526465.0 0.00 0
118526465.0 118530065.0 0.00 0
118530065.0 118533665.0 0.00 0
118533665.0 118537265.0 0.00 0
118537265.0 118540865.0 0.00 0
118540865.0 118544465.0 0.00 0
118544465.0 118548065.0 0.00 0
118548065.0 118551665.0 0.00 0
118551665.0 118555265.0 0.00 0
118555265.0 118558865.0 0.00 0
118558865.0 118562465.0 0.00 0
118562465.0 118566065.0 0.00 0
118566065.0 118569665.0 0.00 0
118569665.0 118573265.0 0.00 0
118573265.0 118576865.0 0.00 0
118576865.0 118580465.0 0.00 0
118580465.0 118584065.0 0.00 0
118584065.0 118587665.0 0.00 0
118587665.0 118591265.0 0.00 0
118591265.0 118594865.0 0.00 0
118594865.0 118598465.0 0.00 0
118598465.0 118602065.0 0.00 0
118602065.0 118605665.0 0.00 0
118605665.0 118609265.0 0.00 0
118609265.0 118612865.0 0.00 0
118612865.0 118616465.0 0.00 0
118616465.0 118620065.0 0.00 0
118620065.0 118623665.0 0.00 0
118623665.0 118627265.0 0.00 0
118627265.0 118630865.0 0.00 0
118630865.0 118634465.0 0.00 0
118634465.0 118638065.0 0.00 0
118638065.0 118641665.0 0.00 0
118641665.0 118645265.0 0.00 0
118645265.0 118648865.0 0.00 0
118648865.0 118652465.0 0.00 0
118652465.0 118656065.0 0.00 0
118656065.0 118659665.0 0.00 0
118659665.0 118663265.0 0.00 0
118663265.0 118666865.0 0.00 0
118666865.0 118670465.0 0.00 0
118670465.0 118674065.0 0.00 0
118674065.0 118677665.0 0.00 0
118677665.0 118681265.0 0.00 0
118681265.0 118684865.0 0.00 0
118684865.0 118688465.0 0.00 0
118688465.0 118692065.0 0.00 0
118692065.0 118695665.0 0.00 0
118695665.0 118699265.0 0.00 0
118699265.0 118702865.0 0.00 0
118702865.0 118706465.0 0.00 0
118706465.0 118710065.0 0.00 0
118710065.0 118713665.0 0.00 0
118713665.0 118717265.0 0.00 0
118717265.0 118720865.0 0.00 0
118720865.0 118724465.0 0.00 0
118724465.0 118728065.0 0.00 0
118728065.0 118731665.0 0.00 0
118731665.0 118735265.0 0.00 0
118735265.0 118738865.0 0.00 0
118738865.0 118742465.0 0.00 0
118742465.0 118746065.0 0.00 0
118746065.0 118749665.0 0.00 0
118749665.0 118753265.0 0.00 0
118753265.0 118756865.0 0.00 0
118756865.0 118760465.0 0.00 0
118760465.0 118764065.0 0.00 0
118764065.0 118767665.0 0.00 0
118767665.0 118771265.0 0.00 0
118771265.0 118774865.0 0.00 0
118774865.0 118778465.0 0.00 0
118778465.0 118782065.0 0.00 0
118782065.0 118785665.0 0.00 0
118785665.0 118789265.0 0.00 0
118789265.0 118792865.0 0.00 0
118792865.0 118796465.0 0.00 0
118796465.0 118800065.0 0.00 0
118800065.0 118803665.0 0.00 0
118803665.0 118807265.0 0.00 0
118807265.0 118810865.0 0.00 0
118810865.0 118814465.0 0.00 0
118814465.0 118818065.0 0.00 0
118818065.0 118821665.0 0.00 0
118821665.0 118825265.0 0.00 0
118825265.0 118828865.0 0.00 0
118828865.0 118832465.0 0.00 0
118832465.0 118836065.0 0.00 0
118836065.0 118839665.0 0.00 0
118839665.0 118843265.0 0.00 0
118843265.0 118846865.0 0.00 0
118846865.0 118850465.0 0.00 0
118850465.0 118854065.0 0.00 0
118854065.0 118857665.0 0.00 0
118857665.0 118861265.0 0.00 0
118861265.0 118864865.0 0.00 0
118864865.0 118868465.0 0.00 0
118868465.0 118872065.0 0.00 0
118872065.0 118875665.0 0.00 0
118875665.0 118879265.0 0.00 0
118879265.0 118882865.0 0.00 0
118882865.0 118886465.0 0.00 0
118886465.0 118890065.0 0.00 0
118890065.0 118893665.0 0.00 0
118893665.0 118897265.0 0.00 0
118897265.0 118900865.0 0.00 0
118900865.0 118904465.0 0.00 0
118904465.0 118908065.0 0.00 0
118908065.0 118911665.0 0.00 0
118911665.0 118915265.0 0.00 0
118915265.0 118918865.0 0.00 0
118918865.0 118922465.0 0.00 0
118922465.0 118926065.0 0.00 0
118926065.0 118929665.0 0.00 0
118929665.0 118933265.0 0.00 0
118933265.0 118936865.0 0.00 0
118936865.0 118940465.0 0.00 0
118940465.0 118944065.0 0.00 0
118944065.0 118947665.0 0.00 0
118947665.0 118951265.0 0.00 0
118951265.0 118954865.0 0.00 0
118954865.0 118958465.0 0.00 0
118958465.0 118962065.0 0.00 0
118962065.0 118965665.0 0.00 0
118965665.0 118969265.0 0.00 0
118969265.0 118972865.0 0.00 0
118972865.0 118976465.0 0.00 0
118976465.0 118980065.0 0.00 0
118980065.0 118983665.0 0.00 0
118983665.0 118987265.0 0.00 0
118987265.0 118990865.0 0.00 0
118990865.0 118994465.0 0.00 0
118994465.0 118998065.0 0.00 0
118998065.0 119001665.0 0.00 0
119001665.0 119005265.0 0.00 0
119005265.0 119008865.0 0.00 0
119008865.0 119012465.0 0.00 0
119012465.0 119016065.0 0.00 0
119016065.0 119019665.0 0.00 0
119019665.0 119023265.0 0.00 0
119023265.0 119026865.0 0.00 0
119026865.0 119030465.0 0.00 0
119030465.0 119034065.0 0.00 0
119034065.0 119037665.0 0.00 0
119037665.0 119041265.0 0.00 0
119041265.0 119044865.0 0.00 0
119044865.0 119048465.0 0.00 0
119048465.0 119052065.0 0.00 0
119052065.0 119055665.0 0.00 0
119055665.0 119059265.0 0.00 0
119059265.0 119062865.0 0.00 0
119062865.0 119066465.0 0.00 0
119066465.0 119070065.0 0.00 0
119070065.0 119073665.0 0.00 0
119073665.0 119077265.0 0.00 0
119077265.0 119080865.0 0.00 0
119080865.0 119084465.0 0.00 0
119084465.0 119088065.0 0.00 0
119088065.0 119091665.0 0.00 0
119091665.0 119095265.0 0.00 0
119095265.0 119098865.0 0.00 0
119098865.0 119102465.0 0.00 0
119102465.0 119106065.0 0.00 0
119106065.0 119109665.0 0.00 0
119109665.0 119113265.0 0.00 0
119113265.0 119116865.0 0.00 0
119116865.0 119120465.0 0.00 0
119120465.0 119124065.0 0.00 0
119124065.0 119127665.0 0.00 0
119127665.0 119131265.0 0.00 0
119131265.0 119134865.0 0.00 0
119134865.0 119138465.0 0.00 0
119138465.0 119142065.0 0.00 0
119142065.0 119145665.0 0.00 0
119145665.0 119149265.0 0.00 0
119149265.0 119152865.0 0.00 0
119152865.0 119156465.0 0.00 0
119156465.0 119160065.0 0.00 0
119160065.0 119163665.0 0.00 0
119163665.0 119167265.0 0.00 0
119167265.0 119170865.0 0.00 0
119170865.0 119174465.0 0.00 0
119174465.0 119178065.0 0.00 0
119178065.0 119181665.0 0.00 0
119181665.0 119185265.0 0.00 0
119185265.0 119188865.0 0.00 0
119188865.0 119192465.0 0.00 0
119192465.0 119196065.0 0.00 0
119196065.0 119199665.0 0.00 0
119199665.0 119203265.0 0.00 0
119203265.0 119206865.0 0.00 0
119206865.0 119210465.0 0.00 0
119210465.0 119214065.0 0.00 0
119214065.0 119217665.0 0.00 0
119217665.0 119221265.0 0.00 0
119221265.0 119224865.0 0.00 0
119224865.0 119228465.0 0.00 0
119228465.0 119232065.0 0.00 0
119232065.0 119235665.0 0.00 0
119235665.0 119239265.0 0.00 0
119239265.0 119242865.0 0.00 0
119242865.0 119246465.0 0.00 0
119246465.0 119250065.0 0.00 0
119250065.0 119253665.0 0.00 0
119253665.0 119257265.0 0.00 0
119257265.0 119260865.0 0.00 0
119260865.0 119264465.0 0.00 0
119264465.0 119268065.0 0.00 0
119268065.0 119271665.0 0.00 0
119271665.0 119275265.0 0.00 0
119275265.0 119278865.0 0.00 0
119278865.0 119282465.0 0.00 0
119282465.0 119286065.0 0.00 0
119286065.0 119289665.0 0.00 0
119289665.0 119293265.0 0.00 0
119293265.0 119296865.0 0.00 0
119296865.0 119300465.0 0.00 0
119300465.0 119304065.0 0.00 0
119304065.0 119307665.0 0.00 0
119307665.0 119311265.0 0.00 0
119311265.0 119314865.0 0.00 0
119314865.0 119318465.0 0.00 0
119318465.0 119322065.0 0.00 0
119322065.0 119325665.0 0.00 0
119325665.0 119329265.0 0.00 0
119329265.0 119332865.0 0.00 0
119332865.0 119336465.0 0.00 0
119336465.0 119340065.0 0.00 0
119340065.0 119343665.0 0.00 0
119343665.0 119347265.0 0.00 0
119347265.0 119350865.0 0.00 0
119350865.0 119354465.0 0.00 0
119354465.0 119358065.0 0.00 0
119358065.0 119361665.0 0.00 0
119361665.0 119365265.0 0.00 0
119365265.0 119368865.0 0.00 0
119368865.0 119372465.0 122.80 0
119372465.0 119376065.0 181.12 0
119376065.0 119379665.0 109.59 1
119379665.0 119383265.0 200.53 0
119383265.0 119386865.0 115.89 0
119386865.0 119390465.0 115.57 0
119390465.0 119394065.0 223.63 0
119394065.0 119397665.0 130.32 0
119397665.0 119401265.0 82.46 0
119401265.0 119404865.0 221.20 0
119404865.0 119408465.0 71.90 0
119408465.0 119412065.0 189.40 1
119412065.0 119415665.0 223.42 0
119415665.0 119419265.0 85.19 0
119419265.0 119422865.0 325.25 0
119422865.0 119426465.0 159.13 0
119426465.0 119430065.0 173.87 0
119430065.0 119433665.0 303.24 2
119433665.0 119437265.0 119.07 0
119437265.0 119440865.0 237.42 2
119440865.0 119444465.0 241.97 0
119444465.0 119448065.0 91.38 0
119448065.0 119451665.0 290.32 0
119451665.0 119455265.0 104.74 0
119455265.0 119458865.0 150.45 0
119458865.0 119462465.0 244.08 0
119462465.0 119466065.0 78.34 0
119466065.0 119469665.0 162.79 1
119469665.0 119473265.0 159.79 0
119473265.0 119476865.0 114.74 0
119476865.0 119480465.0 167.90 0
119480465.0 119484065.0 176.37 0
119484065.0 119487665.0 30.25 0
119487665.0 119491265.0 214.38 0
119491265.0 119494865.0 134.11 0
119494865.0 119498465.0 117.44 0
119498465.0 119502065.0 285.08 0
119502065.0 119505665.0 76.54 0
119505665.0 119509265.0 259.78 0
119509265.0 119512865.0 217.64 0
119512865.0 119516465.0 109.13 0
119516465.0 119520065.0 318.32 0
119520065.0 119523665.0 155.87 0
119523665.0 119527265.0 172.38 0
119527265.0 119530865.0 311.68 0
119530865.0 119534465.0 82.76 0
119534465.0 119538065.0 232.06 0
119538065.0 119541665.0 94.10 0
119541665.0 119545265.0 113.87 0
119545265.0 119548865.0 215.73 0
119548865.0 119552465.0 88.66 0
119552465.0 119556065.0 151.17 1
119556065.0 119559665.0 233.01 0
119559665.0 119563265.0 115.42 0
119563265.0 119566865.0 100.16 0
119566865.0 119570465.0 178.80 0
119570465.0 119574065.0 81.21 0
119574065.0 119577665.0 161.62 0
119577665.0 119581265.0 199.82 0
119581265.0 119584865.0 49.80 0
119584865.0 119588465.0 286.72 0
119588465.0 119592065.0 137.51 0
119592065.0 119595665.0 187.40 0
119595665.0 119599265.0 0.00 0
119599265.0 119602865.0 67.74 0
119602865.0 119606465.0 247.15 0
119606465.0 119610065.0 223.47 0
119610065.0 119613665.0 112.99 0
119613665.0 119617265.0 315.66 0
119617265.0 119620865.0 128.91 0
119620865.0 119624465.0 162.56 0
119624465.0 119628065.0 235.38 0
119628065.0 119631665.0 52.07 0
119631665.0 119635265.0 208.79 0
119635265.0 119638865.0 124.09 0
119638865.0 119642465.0 112.62 0
119642465.0 119646065.0 191.73 0
119646065.0 119649665.0 136.16 0
119649665.0 119653265.0 76.42 0
119653265.0 119656865.0 205.36 0
119656865.0 119660465.0 119.88 1
119660465.0 119664065.0 90.17 0
119664065.0 119667665.0 243.04 0
119667665.0 119671265.0 56.63 0
119671265.0 119674865.0 231.87 0
119674865.0 119678465.0 205.71 0
119678465.0 119682065.0 117.56 0
119682065.0 119685665.0 323.35 0
119685665.0 119689265.0 141.86 1
119689265.0 119692865.0 153.85 0
119692865.0 119696465.0 291.60 0
119696465.0 119700065.0 110.66 0
119700065.0 119703665.0 246.65 0
119703665.0 119707265.0 195.21 1
119707265.0 119710865.0 95.92 0
119710865.0 119714465.0 249.65 0
119714465.0 119718065.0 75.43 0
119718065.0 119721665.0 157.58 0
119721665.0 119725265.0 125.93 0
119725265.0 119728865.0 0.00 0
119728865.0 119732465.0 38.89 0
119732465.0 119736065.0 137.08 0
119736065.0 119739665.0 111.05 0
119739665.0 119743265.0 168.99 1
119743265.0 119746865.0 179.74 0
119746865.0 119750465.0 20.37 0
119750465.0 119754065.0 235.19 1
119754065.0 119757665.0 117.10 0
119757665.0 119761265.0 161.17 0
119761265.0 119764865.0 263.50 1
119764865.0 119768465.0 109.31 0
119768465.0 119772065.0 261.08 0
119772065.0 119775665.0 193.50 0
119775665.0 119779265.0 119.56 0
119779265.0 119782865.0 316.18 0
119782865.0 119786465.0 129.11 0
119786465.0 119790065.0 177.39 0
119790065.0 119793665.0 253.97 1
119793665.0 119797265.0 43.15 0
119797265.0 119800865.0 241.21 1
119800865.0 119804465.0 136.04 0
119804465.0 119808065.0 110.43 0
119808065.0 119811665.0 211.80 1
119811665.0 119815265.0 95.83 0
119815265.0 119818865.0 121.00 0
119818865.0 119822465.0 95.65 0
119822465.0 119826065.0 110.35 0
119826065.0 119829665.0 100.69 0
119829665.0 119833265.0 194.17 0
119833265.0 119836865.0 0.79 0
119836865.0 119840465.0 68.86 0
119840465.0 119844065.0 183.19 0
119844065.0 119847665.0 92.86 0
119847665.0 119851265.0 313.25 0
119851265.0 119854865.0 121.24 0
119854865.0 119858465.0 194.22 0
119858465.0 119862065.0 267.30 0
119862065.0 119865665.0 105.54 0
119865665.0 119869265.0 253.04 0
119869265.0 119872865.0 159.78 0
119872865.0 119876465.0 109.36 0
119876465.0 119880065.0 288.32 0
119880065.0 119883665.0 78.62 0
119883665.0 119887265.0 175.00 0
119887265.0 119890865.0 204.89 0
119890865.0 119894465.0 86.42 0
119894465.0 119898065.0 162.82 0
119898065.0 119901665.0 127.67 1
119901665.0 119905265.0 108.97 0
119905265.0 119908865.0 188.58 0
119908865.0 119912465.0 157.59 1
119912465.0 119916065.0 47.02 0
119916065.0 119919665.0 188.42 1
119919665.0 119923265.0 112.93 0
119923265.0 119926865.0 130.10 0
119926865.0 119930465.0 247.04 0
119930465.0 119934065.0 71.56 0
119934065.0 119937665.0 274.27 0
119937665.0 119941265.0 185.87 0
119941265.0 119944865.0 132.09 0
119944865.0 119948465.0 310.47 1
119948465.0 119952065.0 123.92 0
119952065.0 119955665.0 189.60 0
119955665.0 119959265.0 268.75 0
119959265.0 119962865.0 46.50 0
119962865.0 119966465.0 214.16 1
119966465.0 119970065.0 141.77 0
119970065.0 119973665.0 108.75 0
119973665.0 119977265.0 228.10 0
119977265.0 119980865.0 54.69 0
119980865.0 119984465.0 164.89 0
119984465.0 119988065.0 185.45 1
119988065.0 119991665.0 108.69 0
119991665.0 119995265.0 120.60 0
119995265.0 119998865.0 148.84 0
119998865.0 120002465.0 68.26 1
120002465.0 120006065.0 172.32 0
120006065.0 120009665.0 164.52 0
120009665.0 120013265.0 63.45 0
120013265.0 120016865.0 269.78 1
120016865.0 120020465.0 101.63 1
120020465.0 120024065.0 205.09 0
120024065.0 120027665.0 78.65 0
120027665.0 120031265.0 100.78 0
120031265.0 120034865.0 264.18 0
120034865.0 120038465.0 183.11 0
120038465.0 120042065.0 123.36 0
120042065.0 120045665.0 310.47 0
120045665.0 120049265.0 104.12 0
120049265.0 120052865.0 180.26 1
120052865.0 120056465.0 206.61 1
120056465.0 120060065.0 51.82 0
120060065.0 120063665.0 204.89 0
120063665.0 120067265.0 113.02 0
120067265.0 120070865.0 106.60 1
120070865.0 120074465.0 202.50 0
120074465.0 120078065.0 110.73 0
120078065.0 120081665.0 76.43 1
120081665.0 120085265.0 178.92 0
120085265.0 120088865.0 102.96 0
120088865.0 120092465.0 113.15 0
120092465.0 120096065.0 218.43 0
120096065.0 120099665.0 27.44 0
120099665.0 120103265.0 239.41 0
120103265.0 120106865.0 165.77 0
120106865.0 120110465.0 139.60 0
120110465.0 120114065.0 303.18 1
120114065.0 120117665.0 105.41 0
120117665.0 120121265.0 197.77 0
120121265.0 120124865.0 243.79 0
120124865.0 120128465.0 102.65 0
120128465.0 120132065.0 260.08 0
120132065.0 120135665.0 74.75 0
120135665.0 120139265.0 0.00 0
120139265.0 120142865.0 0.00 0
120142865.0 120146465.0 0.00 0
120146465.0 120150065.0 0.00 0
120150065.0 120153665.0 0.00 0
120153665.0 120157265.0 0.00 0
120157265.0 120160865.0 0.00 0
120160865.0 120164465.0 0.00 0
120164465.0 120168065.0 0.00 0
120168065.0 120171665.0 0.00 0
120171665.0 120175265.0 0.00 0
120175265.0 120178865.0 0.00 0
120178865.0 120182465.0 0.00 0
120182465.0 120186065.0 0.00 0
120186065.0 120189665.0 0.00 0
120189665.0 120193265.0 0.00 0
120193265.0 120196865.0 0.00 0
120196865.0 120200465.0 0.00 0
120200465.0 120204065.0 0.00 0
120204065.0 120207665.0 0.00 0
120207665.0 120211265.0 0.00 0
120211265.0 120214865.0 0.00 0
120214865.0 120218465.0 0.00 0
120218465.0 120222065.0 0.00 0
120222065.0 120225665.0 0.00 0
120225665.0 120229265.0 0.00 0
120229265.0 120232865.0 0.00 0
120232865.0 120236465.0 97.31 0
120236465.0 120240065.0 203.66 0
120240065.0 120243665.0 66.64 0
120243665.0 120247265.0 127.87 0
120247265.0 120250865.0 157.76 0
120250865.0 120254465.0 97.69 0
120254465.0 120258065.0 118.41 0
120258065.0 120261665.0 170.97 0
120261665.0 120265265.0 23.10 0
120265265.0 120268865.0 200.15 0
120268865.0 120272465.0 140.20 1
120272465.0 120276065.0 108.41 0
120276065.0 120279665.0 270.50 0
120279665.0 120283265.0 103.64 0
120283265.0 120286865.0 202.80 0
120286865.0 120290465.0 216.04 0
120290465.0 120294065.0 96.04 0
120294065.0 120297665.0 0.00 0
120297665.0 120301265.0 0.00 0
120301265.0 120304865.0 0.00 0
120304865.0 120308465.0 0.00 0
120308465.0 120312065.0 0.00 0
120312065.0 120315665.0 0.00 0
120315665.0 120319265.0 0.00 0
120319265.0 120322865.0 0.00 0
120322865.0 120326465.0 0.00 0
120326465.0 120330065.0 0.00 0
120330065.0 120333665.0 0.00 0
120333665.0 120337265.0 0.00 0
120337265.0 120340865.0 0.00 0
120340865.0 120344465.0 0.00 0
120344465.0 120348065.0 0.00 0
120348065.0 120351665.0 0.00 0
120351665.0 120355265.0 0.00 0
120355265.0 120358865.0 0.00 0
120358865.0 120362465.0 0.00 0
120362465.0 120366065.0 0.00 0
120366065.0 120369665.0 0.00 0
120369665.0 120373265.0 0.00 0
120373265.0 120376865.0 0.00 0
120376865.0 120380465.0 0.00 0
120380465.0 120384065.0 0.00 0
120384065.0 120387665.0 0.00 0
120387665.0 120391265.0 0.00 0
120391265.0 120394865.0 0.00 0
120394865.0 120398465.0 0.00 0
120398465.0 120402065.0 0.00 0
120402065.0 120405665.0 0.00 0
120405665.0 120409265.0 0.00 0
120409265.0 120412865.0 0.00 0
120412865.0 120416465.0 0.00 0
120416465.0 120420065.0 0.00 0
120420065.0 120423665.0 0.00 0
120423665.0 120427265.0 0.00 0
120427265.0 120430865.0 0.00 0
120430865.0 120434465.0 0.00 0
120434465.0 120438065.0 0.00 0
120438065.0 120441665.0 0.00 0
120441665.0 120445265.0 0.00 0
120445265.0 120448865.0 0.00 0
120448865.0 120452465.0 0.00 0
120452465.0 120456065.0 0.00 0
120456065.0 120459665.0 0.00 0
120459665.0 120463265.0 0.00 0
120463265.0 120466865.0 0.00 0
120466865.0 120470465.0 0.00 0
120470465.0 120474065.0 0.00 0
120474065.0 120477665.0 0.00 0
120477665.0 120481265.0 0.00 0
120481265.0 120484865.0 0.00 0
120484865.0 120488465.0 0.00 0
120488465.0 120492065.0 0.00 0
120492065.0 120495665.0 0.00 0
120495665.0 120499265.0 0.00 0
120499265.0 120502865.0 0.00 0
120502865.0 120506465.0 0.00 0
120506465.0 120510065.0 0.00 0
120510065.0 120513665.0 0.00 0
120513665.0 120517265.0 0.00 0
120517265.0 120520865.0 0.00 0
120520865.0 120524465.0 0.00 0
120524465.0 120528065.0 0.00 0
120528065.0 120531665.0 0.00 0
120531665.0 120535265.0 0.00 0
120535265.0 120538865.0 0.00 0
120538865.0 120542465.0 0.00 0
120542465.0 120546065.0 0.00 0
120546065.0 120549665.0 0.00 0
120549665.0 120553265.0 0.00 0
120553265.0 120556865.0 0.00 0
120556865.0 120560465.0 0.00 0
120560465.0 120564065.0 0.00 0
120564065.0 120567665.0 0.00 0
120567665.0 120571265.0 0.00 0
120571265.0 120574865.0 0.00 0
120574865.0 120578465.0 0.00 0
120578465.0 120582065.0 0.00 0
120582065.0 120585665.0 0.00 0
120585665.0 120589265.0 0.00 0
120589265.0 120592865.0 0.00 0
120592865.0 120596465.0 0.00 0
120596465.0 120600065.0 0.00 0
120600065.0 120603665.0 0.00 0
120603665.0 120607265.0 0.00 0
120607265.0 120610865.0 0.00 0
120610865.0 120614465.0 0.00 0
120614465.0 120618065.0 0.00 0
120618065.0 120621665.0 0.00 0
120621665.0 120625265.0 0.00 0
120625265.0 120628865.0 0.00 0
120628865.0 120632465.0 0.00 0
120632465.0 120636065.0 0.00 0
120636065.0 120639665.0 0.00 0
120639665.0 120643265.0 0.00 0
120643265.0 120646865.0 0.00 0
120646865.0 120650465.0 0.00 0
120650465.0 120654065.0 0.00 0
120654065.0 120657665.0 0.00 0
120657665.0 120661265.0 0.00 0
120661265.0 120664865.0 0.00 0
120664865.0 120668465.0 0.00 0
120668465.0 120672065.0 0.00 0
120672065.0 120675665.0 0.00 0
120675665.0 120679265.0 0.00 0
120679265.0 120682865.0 0.00 0
120682865.0 120686465.0 0.00 0
120686465.0 120690065.0 0.00 0
120690065.0 120693665.0 0.00 0
120693665.0 120697265.0 0.00 0
120697265.0 120700865.0 0.00 0
120700865.0 120704465.0 0.00 0
120704465.0 120708065.0 0.00 0
120708065.0 120711665.0 0.00 0
120711665.0 120715265.0 0.00 0
120715265.0 120718865.0 0.00 0
120718865.0 120722465.0 0.00 0
120722465.0 120726065.0 0.00 0
120726065.0 120729665.0 0.00 0
120729665.0 120733265.0 0.00 0
120733265.0 120736865.0 0.00 0
120736865.0 120740465.0 0.00 0
120740465.0 120744065.0 0.00 0
120744065.0 120747665.0 0.00 0
120747665.0 120751265.0 0.00 0
120751265.0 120754865.0 0.00 0
120754865.0 120758465.0 0.00 0
120758465.0 120762065.0 0.00 0
120762065.0 120765665.0 0.00 0
120765665.0 120769265.0 0.00 0
120769265.0 120772865.0 0.00 0
120772865.0 120776465.0 0.00 0
120776465.0 120780065.0 0.00 0
120780065.0 120783665.0 0.00 0
120783665.0 120787265.0 0.00 0
120787265.0 120790865.0 0.00 0
120790865.0 120794465.0 0.00 0
120794465.0 120798065.0 0.00 0
120798065.0 120801665.0 0.00 0
120801665.0 120805265.0 0.00 0
120805265.0 120808865.0 0.00 0
120808865.0 120812465.0 0.00 0
120812465.0 120816065.0 0.00 0
120816065.0 120819665.0 0.00 0
120819665.0 120823265.0 0.00 0
120823265.0 120826865.0 0.00 0
120826865.0 120830465.0 0.00 0
120830465.0 120834065.0 0.00 0
120834065.0 120837665.0 0.00 0
120837665.0 120841265.0 0.00 0
120841265.0 120844865.0 0.00 0
120844865.0 120848465.0 0.00 0
120848465.0 120852065.0 0.00 0
120852065.0 120855665.0 0.00 0
120855665.0 120859265.0 0.00 0
120859265.0 120862865.0 0.00 0
120862865.0 120866465.0 0.00 0
120866465.0 120870065.0 0.00 0
120870065.0 120873665.0 0.00 0
120873665.0 120877265.0 0.00 0
120877265.0 120880865.0 0.00 0
120880865.0 120884465.0 0.00 0
120884465.0 120888065.0 0.00 0
120888065.0 120891665.0 0.00 0
120891665.0 120895265.0 0.00 0
120895265.0 120898865.0 0.00 0
120898865.0 120902465.0 0.00 0
120902465.0 120906065.0 0.00 0
120906065.0 120909665.0 0.00 0
120909665.0 120913265.0 0.00 0
120913265.0 120916865.0 0.00 0
120916865.0 120920465.0 0.00 0
120920465.0 120924065.0 0.00 0
120924065.0 120927665.0 0.00 0
120927665.0 120931265.0 0.00 0
120931265.0 120934865.0 0.00 0
120934865.0 120938465.0 0.00 0
120938465.0 120942065.0 0.00 0
120942065.0 120945665.0 0.00 0
120945665.0 120949265.0 0.00 0
120949265.0 120952865.0 0.00 0
120952865.0 120956465.0 0.00 0
120956465.0 120960065.0 0.00 0
120960065.0 120963665.0 0.00 0
120963665.0 120967265.0 0.00 0
120967265.0 120970865.0 0.00 0
120970865.0 120974465.0 0.00 0
120974465.0 120978065.0 0.00 0
120978065.0 120981665.0 0.00 0
120981665.0 120985265.0 0.00 0
120985265.0 120988865.0 0.00 0
120988865.0 120992465.0 0.00 0
120992465.0 120996065.0 0.00 0
120996065.0 120999665.0 0.00 0
120999665.0 121003265.0 0.00 0
121003265.0 121006865.0 0.00 0
121006865.0 121010465.0 0.00 0
121010465.0 121014065.0 0.00 0
121014065.0 121017665.0 0.00 0
121017665.0 121021265.0 0.00 0
121021265.0 121024865.0 0.00 0
121024865.0 121028465.0 0.00 0
121028465.0 121032065.0 0.00 0
121032065.0 121035665.0 0.00 0
121035665.0 121039265.0 0.00 0
121039265.0 121042865.0 0.00 0
121042865.0 121046465.0 0.00 0
121046465.0 121050065.0 0.00 0
121050065.0 121053665.0 0.00 0
121053665.0 121057265.0 0.00 0
121057265.0 121060865.0 0.00 0
121060865.0 121064465.0 0.00 0
121064465.0 121068065.0 0.00 0
121068065.0 121071665.0 0.00 0
121071665.0 121075265.0 0.00 0
121075265.0 121078865.0 0.00 0
121078865.0 121082465.0 0.00 0
121082465.0 121086065.0 0.00 0
121086065.0 121089665.0 0.00 0
121089665.0 121093265.0 0.00 0
121093265.0 121096865.0 0.00 0
121096865.0 121100465.0 0.00 0
121100465.0 121104065.0 0.00 0
121104065.0 121107665.0 0.00 0
121107665.0 121111265.0 0.00 0
121111265.0 121114865.0 0.00 0
121114865.0 121118465.0 0.00 0
121118465.0 121122065.0 0.00 0
121122065.0 121125665.0 0.00 0
121125665.0 121129265.0 0.00 0
121129265.0 121132865.0 0.00 0
121132865.0 121136465.0 0.00 0
121136465.0 121140065.0 0.00 0
121140065.0 121143665.0 0.00 0
121143665.0 121147265.0 0.00 0
121147265.0 121150865.0 0.00 0
121150865.0 121154465.0 0.00 0
121154465.0 121158065.0 0.00 0
121158065.0 121161665.0 0.00 0
121161665.0 121165265.0 0.00 0
121165265.0 121168865.0 0.00 0
121168865.0 121172465.0 0.00 0
121172465.0 121176065.0 0.00 0
121176065.0 121179665.0 0.00 0
121179665.0 121183265.0 0.00 0
121183265.0 121186865.0 0.00 0
121186865.0 121190465.0 0.00 0
121190465.0 121194065.0 0.00 0
121194065.0 121197665.0 0.00 0
121197665.0 121201265.0 0.00 0
121201265.0 121204865.0 0.00 0
121204865.0 121208465.0 0.00 0
121208465.0 121212065.0 0.00 0
121212065.0 121215665.0 0.00 0
121215665.0 121219265.0 0.00 0
121219265.0 121222865.0 0.00 0
121222865.0 121226465.0 0.00 0
121226465.0 121230065.0 0.00 0
121230065.0 121233665.0 0.00 0
121233665.0 121237265.0 0.00 0
121237265.0 121240865.0 0.00 0
121240865.0 121244465.0 0.00 0
121244465.0 121248065.0 0.00 0
121248065.0 121251665.0 0.00 0
121251665.0 121255265.0 0.00 0
121255265.0 121258865.0 0.00 0
121258865.0 121262465.0 0.00 0
121262465.0 121266065.0 0.00 0
121266065.0 121269665.0 0.00 0
121269665.0 121273265.0 0.00 0
121273265.0 121276865.0 0.00 0
121276865.0 121280465.0 0.00 0
121280465.0 121284065.0 0.00 0
121284065.0 121287665.0 0.00 0
121287665.0 121291265.0 0.00 0
121291265.0 121294865.0 0.00 0
121294865.0 121298465.0 0.00 0
121298465.0 121302065.0 0.00 0
121302065.0 121305665.0 0.00 0
121305665.0 121309265.0 0.00 0
121309265.0 121312865.0 0.00 0
121312865.0 121316465.0 0.00 0
121316465.0 121320065.0 0.00 0
121320065.0 121323665.0 0.00 0
121323665.0 121327265.0 0.00 0
121327265.0 121330865.0 0.00 0
121330865.0 121334465.0 0.00 0
121334465.0 121338065.0 0.00 0
121338065.0 121341665.0 0.00 0
121341665.0 121345265.0 0.00 0
121345265.0 121348865.0 0.00 0
121348865.0 121352465.0 0.00 0
121352465.0 121356065.0 0.00 0
121356065.0 121359665.0 0.00 0
121359665.0 121363265.0 0.00 0
121363265.0 121366865.0 0.00 0
121366865.0 121370465.0 0.00 0
121370465.0 121374065.0 0.00 0
121374065.0 121377665.0 0.00 0
121377665.0 121381265.0 0.00 0
121381265.0 121384865.0 0.00 0
121384865.0 121388465.0 0.00 0
121388465.0 121392065.0 0.00 0
121392065.0 121395665.0 0.00 0
121395665.0 121399265.0 0.00 0
121399265.0 121402865.0 0.00 0
121402865.0 121406465.0 0.00 0
121406465.0 121410065.0 0.00 0
121410065.0 121413665.0 0.00 0
121413665.0 121417265.0 0.00 0
121417265.0 121420865.0 0.00 0
121420865.0 121424465.0 0.00 0
121424465.0 121428065.0 0.00 0
121428065.0 121431665.0 0.00 0
121431665.0 121435265.0 0.00 0
121435265.0 121438865.0 0.00 0
121438865.0 121442465.0 0.00 0
121442465.0 121446065.0 0.00 0
121446065.0 121449665.0 0.00 0
121449665.0 121453265.0 0.00 0
121453265.0 121456865.0 0.00 0
121456865.0 121460465.0 0.00 0
121460465.0 121464065.0 0.00 0
121464065.0 121467665.0 0.00 0
121467665.0 121471265.0 0.00 0
121471265.0 121474865.0 0.00 0
121474865.0 121478465.0 0.00 0
121478465.0 121482065.0 0.00 0
121482065.0 121485665.0 0.00 0
121485665.0 121489265.0 0.00 0
121489265.0 121492865.0 0.00 0
121492865.0 121496465.0 0.00 0
121496465.0 121500065.0 0.00 0
121500065.0 121503665.0 0.00 0
121503665.0 121507265.0 0.00 0
121507265.0 121510865.0 0.00 0
121510865.0 121514465.0 0.00 0
121514465.0 121518065.0 0.00 0
121518065.0 121521665.0 0.00 0
121521665.0 121525265.0 0.00 0
121525265.0 121528865.0 0.00 0
121528865.0 121532465.0 0.00 0
121532465.0 121536065.0 0.00 0
121536065.0 121539665.0 0.00 0
121539665.0 121543265.0 0.00 0
121543265.0 121546865.0 0.00 0
121546865.0 121550465.0 0.00 0
121550465.0 121554065.0 0.00 0
121554065.0 121557665.0 0.00 0
121557665.0 121561265.0 0.00 0
121561265.0 121564865.0 0.00 0
121564865.0 121568465.0 0.00 0
121568465.0 121572065.0 0.00 0
121572065.0 121575665.0 0.00 0
121575665.0 121579265.0 0.00 0
121579265.0 121582865.0 0.00 0
121582865.0 121586465.0 0.00 0
121586465.0 121590065.0 0.00 0
121590065.0 121593665.0 0.00 0
121593665.0 121597265.0 0.00 0
121597265.0 121600865.0 0.00 0
121600865.0 121604465.0 0.00 0
121604465.0 121608065.0 0.00 0
121608065.0 121611665.0 0.00 0
121611665.0 121615265.0 0.00 0
121615265.0 121618865.0 0.00 0
121618865.0 121622465.0 0.00 0
121622465.0 121626065.0 0.00 0
121626065.0 121629665.0 0.00 0
121629665.0 121633265.0 0.00 0
121633265.0 121636865.0 0.00 0
121636865.0 121640465.0 0.00 0
121640465.0 121644065.0 0.00 0
121644065.0 121647665.0 0.00 0
121647665.0 121651265.0 0.00 0
121651265.0 121654865.0 0.00 0
121654865.0 121658465.0 0.00 0
121658465.0 121662065.0 0.00 0
121662065.0 121665665.0 0.00 0
121665665.0 121669265.0 0.00 0
121669265.0 121672865.0 0.00 0
121672865.0 121676465.0 0.00 0
121676465.0 121680065.0 0.00 0
121680065.0 121683665.0 0.00 0
121683665.0 121687265.0 0.00 0
121687265.0 121690865.0 0.00 0
121690865.0 121694465.0 0.00 0
121694465.0 121698065.0 0.00 0
121698065.0 121701665.0 0.00 0
121701665.0 121705265.0 0.00 0
121705265.0 121708865.0 0.00 0
121708865.0 121712465.0 0.00 0
121712465.0 121716065.0 0.00 0
121716065.0 121719665.0 0.00 0
121719665.0 121723265.0 0.00 0
121723265.0 121726865.0 0.00 0
121726865.0 121730465.0 0.00 0
121730465.0 121734065.0 0.00 0
121734065.0 121737665.0 0.00 0
121737665.0 121741265.0 0.00 0
121741265.0 121744865.0 0.00 0
121744865.0 121748465.0 0.00 0
121748465.0 121752065.0 0.00 0
121752065.0 121755665.0 0.00 0
121755665.0 121759265.0 0.00 0
121759265.0 121762865.0 0.00 0
121762865.0 121766465.0 0.00 0
121766465.0 121770065.0 0.00 0
121770065.0 121773665.0 0.00 0
121773665.0 121777265.0 0.00 0
121777265.0 121780865.0 0.00 0
121780865.0 121784465.0 0.00 0
121784465.0 121788065.0 0.00 0
121788065.0 121791665.0 0.00 0
121791665.0 121795265.0 0.00 0
121795265.0 121798865.0 0.00 0
121798865.0 121802465.0 0.00 0
121802465.0 121806065.0 0.00 0
121806065.0 121809665.0 0.00 0
121809665.0 121813265.0 0.00 0
121813265.0 121816865.0 0.00 0
121816865.0 121820465.0 0.00 0
121820465.0 121824065.0 0.00 0
121824065.0 121827665.0 0.00 0
121827665.0 121831265.0 0.00 0
121831265.0 121834865.0 0.00 0
121834865.0 121838465.0 0.00 0
121838465.0 121842065.0 0.00 0
121842065.0 121845665.0 0.00 0
121845665.0 121849265.0 0.00 0
121849265.0 121852865.0 0.00 0
121852865.0 121856465.0 0.00 0
121856465.0 121860065.0 0.00 0
121860065.0 121863665.0 0.00 0
121863665.0 121867265.0 0.00 0
121867265.0 121870865.0 0.00 0
121870865.0 121874465.0 0.00 0
121874465.0 121878065.0 0.00 0
121878065.0 121881665.0 0.00 0
121881665.0 121885265.0 0.00 0
121885265.0 121888865.0 0.00 0
121888865.0 121892465.0 0.00 0
121892465.0 121896065.0 0.00 0
121896065.0 121899665.0 0.00 0
121899665.0 121903265.0 0.00 0
121903265.0 121906865.0 0.00 0
121906865.0 121910465.0 0.00 0
121910465.0 121914065.0 0.00 0
121914065.0 121917665.0 0.00 0
121917665.0 121921265.0 0.00 0
121921265.0 121924865.0 0.00 0
121924865.0 121928465.0 0.00 0
121928465.0 121932065.0 0.00 0
121932065.0 121935665.0 0.00 0
121935665.0 121939265.0 0.00 0
121939265.0 121942865.0 0.00 0
121942865.0 121946465.0 0.00 0
121946465.0 121950065.0 0.00 0
121950065.0 121953665.0 0.00 0
121953665.0 121957265.0 0.00 0
121957265.0 121960865.0 0.00 0
121960865.0 121964465.0 0.00 0
121964465.0 121968065.0 0.00 0
121968065.0 121971665.0 0.00 0
121971665.0 121975265.0 0.00 0
121975265.0 121978865.0 0.00 0
121978865.0 121982465.0 0.00 0
121982465.0 121986065.0 0.00 0
121986065.0 121989665.0 0.00 0
121989665.0 121993265.0 0.00 0
121993265.0 121996865.0 0.00 0
121996865.0 122000465.0 0.00 0
122000465.0 122004065.0 0.00 0
122004065.0 122007665.0 0.00 0
122007665.0 122011265.0 0.00 0
122011265.0 122014865.0 0.00 0
122014865.0 122018465.0 0.00 0
122018465.0 122022065.0 0.00 0
122022065.0 122025665.0 0.00 0
122025665.0 122029265.0 0.00 0
122029265.0 122032865.0 0.00 0
122032865.0 122036465.0 0.00 0
122036465.0 122040065.0 0.00 0
122040065.0 122043665.0 0.00 0
122043665.0 122047265.0 0.00 0
122047265.0 122050865.0 0.00 0
122050865.0 122054465.0 0.00 0
122054465.0 122058065.0 0.00 0
122058065.0 122061665.0 0.00 0
122061665.0 122065265.0 0.00 0
122065265.0 122068865.0 0.00 0
122068865.0 122072465.0 0.00 0
122072465.0 122076065.0 0.00 0
122076065.0 122079665.0 0.00 0
122079665.0 122083265.0 0.00 0
122083265.0 122086865.0 0.00 0
122086865.0 122090465.0 0.00 0
122090465.0 122094065.0 0.00 0
122094065.0 122097665.0 0.00 0
122097665.0 122101265.0 0.00 0
122101265.0 122104865.0 0.00 0
122104865.0 122108465.0 0.00 0
122108465.0 122112065.0 0.00 0
122112065.0 122115665.0 0.00 0
122115665.0 122119265.0 0.00 0
122119265.0 122122865.0 0.00 0
122122865.0 122126465.0 0.00 0
122126465.0 122130065.0 0.00 0
122130065.0 122133665.0 0.00 0
122133665.0 122137265.0 0.00 0
122137265.0 122140865.0 0.00 0
122140865.0 122144465.0 0.00 0
122144465.0 122148065.0 0.00 0
122148065.0 122151665.0 0.00 0
122151665.0 122155265.0 0.00 0
122155265.0 122158865.0 0.00 0
122158865.0 122162465.0 0.00 0
122162465.0 122166065.0 0.00 0
122166065.0 122169665.0 0.00 0
122169665.0 122173265.0 0.00 0
122173265.0 122176865.0 0.00 0
122176865.0 122180465.0 0.00 0
122180465.0 122184065.0 0.00 0
122184065.0 122187665.0 0.00 0
122187665.0 122191265.0 0.00 0
122191265.0 122194865.0 0.00 0
122194865.0 122198465.0 0.00 0
122198465.0 122202065.0 0.00 0
122202065.0 122205665.0 0.00 0
122205665.0 122209265.0 0.00 0
122209265.0 122212865.0 0.00 0
122212865.0 122216465.0 0.00 0
122216465.0 122220065.0 0.00 0
122220065.0 122223665.0 0.00 0
122223665.0 122227265.0 0.00 0
122227265.0 122230865.0 0.00 0
122230865.0 122234465.0 0.00 0
122234465.0 122238065.0 0.00 0
122238065.0 122241665.0 0.00 0
122241665.0 122245265.0 0.00 0
122245265.0 122248865.0 0.00 0
122248865.0 122252465.0 0.00 0
122252465.0 122256065.0 0.00 0
122256065.0 122259665.0 0.00 0
122259665.0 122263265.0 0.00 0
122263265.0 122266865.0 0.00 0
122266865.0 122270465.0 0.00 0
122270465.0 122274065.0 0.00 0
122274065.0 122277665.0 0.00 0
122277665.0 122281265.0 0.00 0
122281265.0 122284865.0 0.00 0
122284865.0 122288465.0 0.00 0
122288465.0 122292065.0 0.00 0
122292065.0 122295665.0 0.00 0
122295665.0 122299265.0 0.00 0
122299265.0 122302865.0 0.00 0
122302865.0 122306465.0 0.00 0
122306465.0 122310065.0 0.00 0
122310065.0 122313665.0 0.00 0
122313665.0 122317265.0 0.00 0
122317265.0 122320865.0 0.00 0
122320865.0 122324465.0 0.00 0
122324465.0 122328065.0 0.00 0
122328065.0 122331665.0 0.00 0
122331665.0 122335265.0 0.00 0
122335265.0 122338865.0 0.00 0
122338865.0 122342465.0 0.00 0
122342465.0 122346065.0 0.00 0
122346065.0 122349665.0 0.00 0
122349665.0 122353265.0 0.00 0
122353265.0 122356865.0 0.00 0
122356865.0 122360465.0 0.00 0
122360465.0 122364065.0 0.00 0
122364065.0 122367665.0 0.00 0
122367665.0 122371265.0 0.00 0
122371265.0 122374865.0 0.00 0
122374865.0 122378465.0 0.00 0
122378465.0 122382065.0 0.00 0
122382065.0 122385665.0 0.00 0
122385665.0 122389265.0 0.00 0
122389265.0 122392865.0 0.00 0
122392865.0 122396465.0 0.00 0
122396465.0 122400065.0 0.00 0
122400065.0 122403665.0 0.00 0
122403665.0 122407265.0 0.00 0
122407265.0 122410865.0 0.00 0
122410865.0 122414465.0 0.00 0
122414465.0 122418065.0 0.00 0
122418065.0 122421665.0 0.00 0
122421665.0 122425265.0 0.00 0
122425265.0 122428865.0 0.00 0
122428865.0 122432465.0 0.00 0
122432465.0 122436065.0 0.00 0
122436065.0 122439665.0 0.00 0
122439665.0 122443265.0 0.00 0
122443265.0 122446865.0 0.00 0
122446865.0 122450465.0 0.00 0
122450465.0 122454065.0 0.00 0
122454065.0 122457665.0 0.00 0
122457665.0 122461265.0 0.00 0
122461265.0 122464865.0 0.00 0
122464865.0 122468465.0 0.00 0
122468465.0 122472065.0 0.00 0
122472065.0 122475665.0 0.00 0
122475665.0 122479265.0 0.00 0
122479265.0 122482865.0 0.00 0
122482865.0 122486465.0 0.00 0
122486465.0 122490065.0 0.00 0
122490065.0 122493665.0 0.00 0
122493665.0 122497265.0 0.00 0
122497265.0 122500865.0 0.00 0
122500865.0 122504465.0 0.00 0
122504465.0 122508065.0 0.00 0
122508065.0 122511665.0 0.00 0
122511665.0 122515265.0 0.00 0
122515265.0 122518865.0 0.00 0
122518865.0 122522465.0 0.00 0
122522465.0 122526065.0 0.00 0
122526065.0 122529665.0 0.00 0
122529665.0 122533265.0 0.00 0
122533265.0 122536865.0 0.00 0
122536865.0 122540465.0 0.00 0
122540465.0 122544065.0 0.00 0
122544065.0 122547665.0 0.00 0
122547665.0 122551265.0 0.00 0
122551265.0 122554865.0 0.00 0
122554865.0 122558465.0 0.00 0
122558465.0 122562065.0 0.00 0
122562065.0 122565665.0 0.00 0
122565665.0 122569265.0 0.00 0
122569265.0 122572865.0 0.00 0
122572865.0 122576465.0 0.00 0
122576465.0 122580065.0 0.00 0
122580065.0 122583665.0 0.00 0
122583665.0 122587265.0 0.00 0
122587265.0 122590865.0 0.00 0
122590865.0 122594465.0 0.00 0
122594465.0 122598065.0 0.00 0
122598065.0 122601665.0 0.00 0
122601665.0 122605265.0 0.00 0
122605265.0 122608865.0 0.00 0
122608865.0 122612465.0 0.00 0
122612465.0 122616065.0 0.00 0
122616065.0 122619665.0 0.00 0
122619665.0 122623265.0 0.00 0
122623265.0 122626865.0 0.00 0
122626865.0 122630465.0 0.00 0
122630465.0 122634065.0 0.00 0
122634065.0 122637665.0 0.00 0
122637665.0 122641265.0 0.00 0
122641265.0 122644865.0 0.00 0
122644865.0 122648465.0 0.00 0
122648465.0 122652065.0 0.00 0
122652065.0 122655665.0 0.00 0
122655665.0 122659265.0 0.00 0
122659265.0 122662865.0 0.00 0
122662865.0 122666465.0 0.00 0
122666465.0 122670065.0 0.00 0
122670065.0 122673665.0 0.00 0
122673665.0 122677265.0 0.00 0
122677265.0 122680865.0 0.00 0
122680865.0 122684465.0 0.00 0
122684465.0 122688065.0 0.00 0
122688065.0 122691665.0 0.00 0
122691665.0 122695265.0 0.00 0
122695265.0 122698865.0 0.00 0
122698865.0 122702465.0 0.00 0
122702465.0 122706065.0 0.00 0
122706065.0 122709665.0 0.00 0
122709665.0 122713265.0 0.00 0
122713265.0 122716865.0 0.00 0
122716865.0 122720465.0 0.00 0
122720465.0 122724065.0 0.00 0
122724065.0 122727665.0 0.00 0
122727665.0 122731265.0 0.00 0
122731265.0 122734865.0 0.00 0
122734865.0 122738465.0 0.00 0
122738465.0 122742065.0 0.00 0
122742065.0 122745665.0 0.00 0
122745665.0 122749265.0 0.00 0
122749265.0 122752865.0 0.00 0
122752865.0 122756465.0 0.00 0
122756465.0 122760065.0 0.00 0
122760065.0 122763665.0 0.00 0
122763665.0 122767265.0 0.00 0
122767265.0 122770865.0 0.00 0
122770865.0 122774465.0 0.00 0
122774465.0 122778065.0 0.00 0
122778065.0 122781665.0 0.00 0
122781665.0 122785265.0 0.00 0
122785265.0 122788865.0 0.00 0
122788865.0 122792465.0 0.00 0
122792465.0 122796065.0 0.00 0
122796065.0 122799665.0 0.00 0
122799665.0 122803265.0 0.00 0
122803265.0 122806865.0 0.00 0
122806865.0 122810465.0 0.00 0
122810465.0 122814065.0 0.00 0
122814065.0 122817665.0 0.00 0
122817665.0 122821265.0 0.00 0
122821265.0 122824865.0 0.00 0
122824865.0 122828465.0 0.00 0
122828465.0 122832065.0 0.00 0
122832065.0 122835665.0 0.00 0
122835665.0 122839265.0 0.00 0
122839265.0 122842865.0 0.00 0
122842865.0 122846465.0 0.00 0
122846465.0 122850065.0 0.00 0
122850065.0 122853665.0 0.00 0
122853665.0 122857265.0 0.00 0
122857265.0 122860865.0 0.00 0
122860865.0 122864465.0 0.00 0
122864465.0 122868065.0 0.00 0
122868065.0 122871665.0 0.00 0
122871665.0 122875265.0 0.00 0
122875265.0 122878865.0 0.00 0
122878865.0 122882465.0 0.00 0
122882465.0 122886065.0 0.00 0
122886065.0 122889665.0 0.00 0
122889665.0 122893265.0 0.00 0
122893265.0 122896865.0 0.00 0
122896865.0 122900465.0 0.00 0
122900465.0 122904065.0 0.00 0
122904065.0 122907665.0 0.00 0
122907665.0 122911265.0 0.00 0
122911265.0 122914865.0 0.00 0
122914865.0 122918465.0 0.00 0
122918465.0 122922065.0 0.00 0
122922065.0 122925665.0 0.00 0
122925665.0 122929265.0 0.00 0
122929265.0 122932865.0 0.00 0
122932865.0 122936465.0 0.00 0
122936465.0 122940065.0 0.00 0
122940065.0 122943665.0 0.00 0
122943665.0 122947265.0 0.00 0
122947265.0 122950865.0 0.00 0
122950865.0 122954465.0 0.00 0
122954465.0 122958065.0 0.00 0
122958065.0 122961665.0 0.00 0
122961665.0 122965265.0 0.00 0
122965265.0 122968865.0 0.00 0
122968865.0 122972465.0 0.00 0
122972465.0 122976065.0 0.00 0
122976065.0 122979665.0 0.00 0
122979665.0 122983265.0 0.00 0
122983265.0 122986865.0 0.00 0
122986865.0 122990465.0 0.00 0
122990465.0 122994065.0 0.00 0
122994065.0 122997665.0 0.00 0
122997665.0 123001265.0 0.00 0
123001265.0 123004865.0 0.00 0
123004865.0 123008465.0 0.00 0
123008465.0 123012065.0 0.00 0
123012065.0 123015665.0 0.00 0
123015665.0 123019265.0 0.00 0
123019265.0 123022865.0 0.00 0
123022865.0 123026465.0 0.00 0
123026465.0 123030065.0 0.00 0
123030065.0 123033665.0 0.00 0
123033665.0 123037265.0 0.00 0
123037265.0 123040865.0 0.00 0
123040865.0 123044465.0 0.00 0
123044465.0 123048065.0 0.00 0
123048065.0 123051665.0 0.00 0
123051665.0 123055265.0 0.00 0
123055265.0 123058865.0 0.00 0
123058865.0 123062465.0 0.00 0
123062465.0 123066065.0 0.00 0
123066065.0 123069665.0 0.00 0
123069665.0 123073265.0 0.00 0
123073265.0 123076865.0 0.00 0
123076865.0 123080465.0 0.00 0
123080465.0 123084065.0 0.00 0
123084065.0 123087665.0 0.00 0
123087665.0 123091265.0 0.00 0
123091265.0 123094865.0 0.00 0
123094865.0 123098465.0 0.00 0
123098465.0 123102065.0 0.00 0
123102065.0 123105665.0 0.00 0
123105665.0 123109265.0 0.00 0
123109265.0 123112865.0 0.00 0
123112865.0 123116465.0 0.00 0
123116465.0 123120065.0 0.00 0
123120065.0 123123665.0 0.00 0
123123665.0 123127265.0 0.00 0
123127265.0 123130865.0 0.00 0
123130865.0 123134465.0 0.00 0
123134465.0 123138065.0 0.00 0
123138065.0 123141665.0 0.00 0
123141665.0 123145265.0 0.00 0
123145265.0 123148865.0 0.00 0
123148865.0 123152465.0 0.00 0
123152465.0 123156065.0 0.00 0
123156065.0 123159665.0 0.00 0
123159665.0 123163265.0 0.00 0
123163265.0 123166865.0 0.00 0
123166865.0 123170465.0 0.00 0
123170465.0 123174065.0 0.00 0
123174065.0 123177665.0 0.00 0
123177665.0 123181265.0 0.00 0
123181265.0 123184865.0 0.00 0
123184865.0 123188465.0 0.00 0
123188465.0 123192065.0 0.00 0
123192065.0 123195665.0 0.00 0
123195665.0 123199265.0 0.00 0
123199265.0 123202865.0 0.00 0
123202865.0 123206465.0 0.00 0
123206465.0 123210065.0 0.00 0
123210065.0 123213665.0 0.00 0
123213665.0 123217265.0 0.00 0
123217265.0 123220865.0 0.00 0
123220865.0 123224465.0 0.00 0
123224465.0 123228065.0 0.00 0
123228065.0 123231665.0 0.00 0
123231665.0 123235265.0 0.00 0
123235265.0 123238865.0 0.00 0
123238865.0 123242465.0 0.00 0
123242465.0 123246065.0 0.00 0
123246065.0 123249665.0 0.00 0
123249665.0 123253265.0 0.00 0
123253265.0 123256865.0 0.00 0
123256865.0 123260465.0 0.00 0
123260465.0 123264065.0 0.00 0
123264065.0 123267665.0 0.00 0
123267665.0 123271265.0 0.00 0
123271265.0 123274865.0 0.00 0
123274865.0 123278465.0 0.00 0
123278465.0 123282065.0 0.00 0
123282065.0 123285665.0 0.00 0
123285665.0 123289265.0 0.00 0
123289265.0 123292865.0 0.00 0
123292865.0 123296465.0 0.00 0
123296465.0 123300065.0 0.00 0
123300065.0 123303665.0 0.00 0
123303665.0 123307265.0 0.00 0
123307265.0 123310865.0 0.00 0
123310865.0 123314465.0 0.00 0
123314465.0 123318065.0 0.00 0
123318065.0 123321665.0 0.00 0
123321665.0 123325265.0 0.00 0
123325265.0 123328865.0 0.00 0
123328865.0 123332465.0 0.00 0
123332465.0 123336065.0 0.00 0
123336065.0 123339665.0 0.00 0
123339665.0 123343265.0 0.00 0
123343265.0 123346865.0 0.00 0
123346865.0 123350465.0 0.00 0
123350465.0 123354065.0 0.00 0
123354065.0 123357665.0 0.00 0
123357665.0 123361265.0 0.00 0
123361265.0 123364865.0 0.00 0
123364865.0 123368465.0 0.00 0
123368465.0 123372065.0 0.00 0
123372065.0 123375665.0 0.00 0
123375665.0 123379265.0 0.00 0
123379265.0 123382865.0 0.00 0
123382865.0 123386465.0 0.00 0
123386465.0 123390065.0 0.00 0
123390065.0 123393665.0 0.00 0
123393665.0 123397265.0 0.00 0
123397265.0 123400865.0 0.00 0
123400865.0 123404465.0 0.00 0
123404465.0 123408065.0 0.00 0
123408065.0 123411665.0 0.00 0
123411665.0 123415265.0 0.00 0
123415265.0 123418865.0 0.00 0
123418865.0 123422465.0 0.00 0
123422465.0 123426065.0 0.00 0
123426065.0 123429665.0 0.00 0
123429665.0 123433265.0 0.00 0
123433265.0 123436865.0 0.00 0
123436865.0 123440465.0 0.00 0
123440465.0 123444065.0 0.00 0
123444065.0 123447665.0 0.00 0
123447665.0 123451265.0 0.00 0
123451265.0 123454865.0 0.00 0
123454865.0 123458465.0 0.00 0
123458465.0 123462065.0 0.00 0
123462065.0 123465665.0 0.00 0
123465665.0 123469265.0 0.00 0
123469265.0 123472865.0 0.00 0
123472865.0 123476465.0 0.00 0
123476465.0 123480065.0 0.00 0
123480065.0 123483665.0 0.00 0
123483665.0 123487265.0 0.00 0
123487265.0 123490865.0 0.00 0
123490865.0 123494465.0 0.00 0
123494465.0 123498065.0 0.00 0
123498065.0 123501665.0 0.00 0
123501665.0 123505265.0 0.00 0
123505265.0 123508865.0 0.00 0
123508865.0 123512465.0 0.00 0
123512465.0 123516065.0 0.00 0
123516065.0 123519665.0 0.00 0
123519665.0 123523265.0 0.00 0
123523265.0 123526865.0 0.00 0
123526865.0 123530465.0 0.00 0
123530465.0 123534065.0 0.00 0
123534065.0 123537665.0 0.00 0
123537665.0 123541265.0 0.00 0
123541265.0 123544865.0 0.00 0
123544865.0 123548465.0 0.00 0
123548465.0 123552065.0 0.00 0
123552065.0 123555665.0 0.00 0
123555665.0 123559265.0 0.00 0
123559265.0 123562865.0 0.00 0
123562865.0 123566465.0 0.00 0
123566465.0 123570065.0 0.00 0
123570065.0 123573665.0 0.00 0
123573665.0 123577265.0 0.00 0
123577265.0 123580865.0 0.00 0
123580865.0 123584465.0 0.00 0
123584465.0 123588065.0 0.00 0
123588065.0 123591665.0 0.00 0
123591665.0 123595265.0 0.00 0
123595265.0 123598865.0 0.00 0
123598865.0 123602465.0 0.00 0
123602465.0 123606065.0 0.00 0
123606065.0 123609665.0 0.00 0
123609665.0 123613265.0 0.00 0
123613265.0 123616865.0 0.00 0
123616865.0 123620465.0 0.00 0
123620465.0 123624065.0 0.00 0
123624065.0 123627665.0 0.00 0
123627665.0 123631265.0 0.00 0
123631265.0 123634865.0 0.00 0
123634865.0 123638465.0 0.00 0
123638465.0 123642065.0 0.00 0
123642065.0 123645665.0 0.00 0
123645665.0 123649265.0 0.00 0
123649265.0 123652865.0 0.00 0
123652865.0 123656465.0 0.00 0
123656465.0 123660065.0 0.00 0
123660065.0 123663665.0 0.00 0
123663665.0 123667265.0 0.00 0
123667265.0 123670865.0 0.00 0
123670865.0 123674465.0 0.00 0
123674465.0 123678065.0 0.00 0
123678065.0 123681665.0 0.00 0
123681665.0 123685265.0 0.00 0
123685265.0 123688865.0 0.00 0
123688865.0 123692465.0 0.00 0
123692465.0 123696065.0 0.00 0
123696065.0 123699665.0 0.00 0
123699665.0 123703265.0 0.00 0
123703265.0 123706865.0 0.00 0
123706865.0 123710465.0 0.00 0
123710465.0 123714065.0 0.00 0
123714065.0 123717665.0 0.00 0
123717665.0 123721265.0 0.00 0
123721265.0 123724865.0 0.00 0
123724865.0 123728465.0 0.00 0
123728465.0 123732065.0 0.00 0
123732065.0 123735665.0 0.00 0
123735665.0 123739265.0 0.00 0
123739265.0 123742865.0 0.00 0
123742865.0 123746465.0 0.00 0
123746465.0 123750065.0 0.00 0
123750065.0 123753665.0 0.00 0
123753665.0 123757265.0 0.00 0
123757265.0 123760865.0 0.00 0
123760865.0 123764465.0 0.00 0
123764465.0 123768065.0 0.00 0
123768065.0 123771665.0 0.00 0
123771665.0 123775265.0 0.00 0
123775265.0 123778865.0 0.00 0
123778865.0 123782465.0 0.00 0
123782465.0 123786065.0 0.00 0
123786065.0 123789665.0 0.00 0
123789665.0 123793265.0 0.00 0
123793265.0 123796865.0 0.00 0
123796865.0 123800465.0 0.00 0
123800465.0 123804065.0 0.00 0
123804065.0 123807665.0 0.00 0
123807665.0 123811265.0 0.00 0
123811265.0 123814865.0 0.00 0
123814865.0 123818465.0 0.00 0
123818465.0 123822065.0 0.00 0
123822065.0 123825665.0 0.00 0
123825665.0 123829265.0 0.00 0
123829265.0 123832865.0 0.00 0
123832865.0 123836465.0 0.00 0
123836465.0 123840065.0 0.00 0
123840065.0 123843665.0 0.00 0
123843665.0 123847265.0 0.00 0
123847265.0 123850865.0 0.00 0
123850865.0 123854465.0 0.00 0
123854465.0 123858065.0 0.00 0
123858065.0 123861665.0 0.00 0
123861665.0 123865265.0 0.00 0
123865265.0 123868865.0 0.00 0
123868865.0 123872465.0 0.00 0
123872465.0 123876065.0 0.00 0
123876065.0 123879665.0 0.00 0
123879665.0 123883265.0 0.00 0
123883265.0 123886865.0 0.00 0
123886865.0 123890465.0 0.00 0
123890465.0 123894065.0 0.00 0
123894065.0 123897665.0 0.00 0
123897665.0 123901265.0 0.00 0
123901265.0 123904865.0 0.00 0
123904865.0 123908465.0 0.00 0
123908465.0 123912065.0 0.00 0
123912065.0 123915665.0 0.00 0
123915665.0 123919265.0 0.00 0
123919265.0 123922865.0 0.00 0
123922865.0 123926465.0 0.00 0
123926465.0 123930065.0 0.00 0
123930065.0 123933665.0 0.00 0
123933665.0 123937265.0 0.00 0
123937265.0 123940865.0 0.00 0
123940865.0 123944465.0 0.00 0
123944465.0 123948065.0 0.00 0
123948065.0 123951665.0 0.00 0
123951665.0 123955265.0 0.00 0
123955265.0 123958865.0 0.00 0
123958865.0 123962465.0 0.00 0
123962465.0 123966065.0 0.00 0
123966065.0 123969665.0 0.00 0
123969665.0 123973265.0 0.00 0
123973265.0 123976865.0 0.00 0
123976865.0 123980465.0 0.00 0
123980465.0 123984065.0 0.00 0
123984065.0 123987665.0 0.00 0
123987665.0 123991265.0 0.00 0
123991265.0 123994865.0 0.00 0
123994865.0 123998465.0 0.00 0
123998465.0 124002065.0 0.00 0
124002065.0 124005665.0 0.00 0
124005665.0 124009265.0 0.00 0
124009265.0 124012865.0 0.00 0
124012865.0 124016465.0 0.00 0
124016465.0 124020065.0 0.00 0
124020065.0 124023665.0 0.00 0
124023665.0 124027265.0 0.00 0
124027265.0 124030865.0 0.00 0
124030865.0 124034465.0 0.00 0
124034465.0 124038065.0 0.00 0
124038065.0 124041665.0 0.00 0
124041665.0 124045265.0 0.00 0
124045265.0 124048865.0 0.00 0
124048865.0 124052465.0 0.00 0
124052465.0 124056065.0 0.00 0
124056065.0 124059665.0 0.00 0
124059665.0 124063265.0 0.00 0
124063265.0 124066865.0 0.00 0
124066865.0 124070465.0 0.00 0
124070465.0 124074065.0 0.00 0
124074065.0 124077665.0 0.00 0
124077665.0 124081265.0 0.00 0
124081265.0 124084865.0 0.00 0
124084865.0 124088465.0 0.00 0
124088465.0 124092065.0 0.00 0
124092065.0 124095665.0 0.00 0
124095665.0 124099265.0 0.00 0
124099265.0 124102865.0 0.00 0
124102865.0 124106465.0 0.00 0
124106465.0 124110065.0 0.00 0
124110065.0 124113665.0 0.00 0
124113665.0 124117265.0 0.00 0
124117265.0 124120865.0 0.00 0
124120865.0 124124465.0 0.00 0
124124465.0 124128065.0 0.00 0
124128065.0 124131665.0 0.00 0
124131665.0 124135265.0 0.00 0
124135265.0 124138865.0 0.00 0
124138865.0 124142465.0 0.00 0
124142465.0 124146065.0 0.00 0
124146065.0 124149665.0 0.00 0
124149665.0 124153265.0 0.00 0
124153265.0 124156865.0 0.00 0
124156865.0 124160465.0 0.00 0
124160465.0 124164065.0 0.00 0
124164065.0 124167665.0 0.00 0
124167665.0 124171265.0 0.00 0
124171265.0 124174865.0 0.00 0
124174865.0 124178465.0 0.00 0
124178465.0 124182065.0 0.00 0
124182065.0 124185665.0 0.00 0
124185665.0 124189265.0 0.00 0
124189265.0 124192865.0 0.00 0
124192865.0 124196465.0 0.00 0
124196465.0 124200065.0 0.00 0
124200065.0 124203665.0 0.00 0
124203665.0 124207265.0 0.00 0
124207265.0 124210865.0 0.00 0
124210865.0 124214465.0 0.00 0
124214465.0 124218065.0 0.00 0
124218065.0 124221665.0 0.00 0
124221665.0 124225265.0 0.00 0
124225265.0 124228865.0 0.00 0
124228865.0 124232465.0 0.00 0
124232465.0 124236065.0 0.00 0
124236065.0 124239665.0 0.00 0
124239665.0 124243265.0 0.00 0
124243265.0 124246865.0 0.00 0
124246865.0 124250465.0 0.00 0
124250465.0 124254065.0 0.00 0
124254065.0 124257665.0 0.00 0
124257665.0 124261265.0 0.00 0
124261265.0 124264865.0 0.00 0
124264865.0 124268465.0 0.00 0
124268465.0 124272065.0 0.00 0
124272065.0 124275665.0 0.00 0
124275665.0 124279265.0 0.00 0
124279265.0 124282865.0 0.00 0
124282865.0 124286465.0 0.00 0
124286465.0 124290065.0 0.00 0
124290065.0 124293665.0 0.00 0
124293665.0 124297265.0 0.00 0
124297265.0 124300865.0 0.00 0
124300865.0 124304465.0 0.00 0
124304465.0 124308065.0 0.00 0
124308065.0 124311665.0 0.00 0
124311665.0 124315265.0 0.00 0
124315265.0 124318865.0 0.00 0
124318865.0 124322465.0 0.00 0
124322465.0 124326065.0 0.00 0
124326065.0 124329665.0 0.00 0
124329665.0 124333265.0 0.00 0
124333265.0 124336865.0 0.00 0
124336865.0 124340465.0 0.00 0
124340465.0 124344065.0 0.00 0
124344065.0 124347665.0 0.00 0
124347665.0 124351265.0 0.00 0
124351265.0 124354865.0 0.00 0
124354865.0 124358465.0 0.00 0
124358465.0 124362065.0 0.00 0
124362065.0 124365665.0 0.00 0
124365665.0 124369265.0 0.00 0
124369265.0 124372865.0 0.00 0
124372865.0 124376465.0 0.00 0
124376465.0 124380065.0 0.00 0
124380065.0 124383665.0 0.00 0
124383665.0 124387265.0 0.00 0
124387265.0 124390865.0 0.00 0
124390865.0 124394465.0 0.00 0
124394465.0 124398065.0 0.00 0
124398065.0 124401665.0 0.00 0
124401665.0 124405265.0 0.00 0
124405265.0 124408865.0 0.00 0
124408865.0 124412465.0 0.00 0
124412465.0 124416065.0 0.00 0
124416065.0 124419665.0 0.00 0
124419665.0 124423265.0 0.00 0
124423265.0 124426865.0 0.00 0
124426865.0 124430465.0 0.00 0
124430465.0 124434065.0 0.00 0
124434065.0 124437665.0 0.00 0
124437665.0 124441265.0 0.00 0
124441265.0 124444865.0 0.00 0
124444865.0 124448465.0 0.00 0
124448465.0 124452065.0 0.00 0
124452065.0 124455665.0 0.00 0
124455665.0 124459265.0 0.00 0
124459265.0 124462865.0 0.00 0
124462865.0 124466465.0 0.00 0
124466465.0 124470065.0 0.00 0
124470065.0 124473665.0 0.00 0
124473665.0 124477265.0 0.00 0
124477265.0 124480865.0 0.00 0
124480865.0 124484465.0 0.00 0
124484465.0 124488065.0 0.00 0
124488065.0 124491665.0 0.00 0
124491665.0 124495265.0 0.00 0
124495265.0 124498865.0 0.00 0
124498865.0 124502465.0 0.00 0
124502465.0 124506065.0 0.00 0
124506065.0 124509665.0 0.00 0
124509665.0 124513265.0 0.00 0
124513265.0 124516865.0 0.00 0
124516865.0 124520465.0 0.00 0
124520465.0 124524065.0 0.00 0
124524065.0 124527665.0 0.00 0
124527665.0 124531265.0 0.00 0
124531265.0 124534865.0 0.00 0
124534865.0 124538465.0 0.00 0
124538465.0 124542065.0 0.00 0
124542065.0 124545665.0 0.00 0
124545665.0 124549265.0 0.00 0
124549265.0 124552865.0 0.00 0
124552865.0 124556465.0 0.00 0
124556465.0 124560065.0 0.00 0
124560065.0 124563665.0 0.00 0
124563665.0 124567265.0 0.00 0
124567265.0 124570865.0 0.00 0
124570865.0 124574465.0 0.00 0
124574465.0 124578065.0 0.00 0
124578065.0 124581665.0 0.00 0
124581665.0 124585265.0 0.00 0
124585265.0 124588865.0 0.00 0
124588865.0 124592465.0 0.00 0
124592465.0 124596065.0 0.00 0
124596065.0 124599665.0 0.00 0
124599665.0 124603265.0 0.00 0
124603265.0 124606865.0 0.00 0
124606865.0 124610465.0 0.00 0
124610465.0 124614065.0 0.00 0
124614065.0 124617665.0 0.00 0
124617665.0 124621265.0 0.00 0
124621265.0 124624865.0 0.00 0
124624865.0 124628465.0 0.00 0
124628465.0 124632065.0 0.00 0
124632065.0 124635665.0 0.00 0
124635665.0 124639265.0 0.00 0
124639265.0 124642865.0 0.00 0
124642865.0 124646465.0 0.00 0
124646465.0 124650065.0 0.00 0
124650065.0 124653665.0 0.00 0
124653665.0 124657265.0 0.00 0
124657265.0 124660865.0 0.00 0
124660865.0 124664465.0 0.00 0
124664465.0 124668065.0 0.00 0
124668065.0 124671665.0 0.00 0
124671665.0 124675265.0 0.00 0
124675265.0 124678865.0 0.00 0
124678865.0 124682465.0 0.00 0
124682465.0 124686065.0 0.00 0
124686065.0 124689665.0 0.00 0
124689665.0 124693265.0 0.00 0
124693265.0 124696865.0 0.00 0
124696865.0 124700465.0 0.00 0
124700465.0 124704065.0 0.00 0
124704065.0 124707665.0 0.00 0
124707665.0 124711265.0 0.00 0
124711265.0 124714865.0 0.00 0
124714865.0 124718465.0 0.00 0
124718465.0 124722065.0 0.00 0
124722065.0 124725665.0 0.00 0
124725665.0 124729265.0 0.00 0
124729265.0 124732865.0 0.00 0
124732865.0 124736465.0 0.00 0
124736465.0 124740065.0 0.00 0
124740065.0 124743665.0 0.00 0
124743665.0 124747265.0 0.00 0
124747265.0 124750865.0 0.00 0
124750865.0 124754465.0 0.00 0
124754465.0 124758065.0 0.00 0
124758065.0 124761665.0 0.00 0
124761665.0 124765265.0 0.00 0
124765265.0 124768865.0 0.00 0
124768865.0 124772465.0 0.00 0
124772465.0 124776065.0 0.00 0
124776065.0 124779665.0 0.00 0
124779665.0 124783265.0 0.00 0
124783265.0 124786865.0 0.00 0
124786865.0 124790465.0 0.00 0
124790465.0 124794065.0 0.00 0
124794065.0 124797665.0 0.00 0
124797665.0 124801265.0 0.00 0
124801265.0 124804865.0 0.00 0
124804865.0 124808465.0 0.00 0
124808465.0 124812065.0 0.00 0
124812065.0 124815665.0 0.00 0
124815665.0 124819265.0 0.00 0
124819265.0 124822865.0 0.00 0
124822865.0 124826465.0 0.00 0
124826465.0 124830065.0 0.00 0
124830065.0 124833665.0 0.00 0
124833665.0 124837265.0 0.00 0
124837265.0 124840865.0 0.00 0
124840865.0 124844465.0 0.00 0
124844465.0 124848065.0 0.00 0
124848065.0 124851665.0 0.00 0
124851665.0 124855265.0 0.00 0
124855265.0 124858865.0 0.00 0
124858865.0 124862465.0 0.00 0
124862465.0 124866065.0 0.00 0
124866065.0 124869665.0 0.00 0
124869665.0 124873265.0 0.00 0
124873265.0 124876865.0 0.00 0
124876865.0 124880465.0 0.00 0
124880465.0 124884065.0 0.00 0
124884065.0 124887665.0 0.00 0
124887665.0 124891265.0 0.00 0
124891265.0 124894865.0 0.00 0
124894865.0 124898465.0 0.00 0
124898465.0 124902065.0 0.00 0
124902065.0 124905665.0 0.00 0
124905665.0 124909265.0 0.00 0
124909265.0 124912865.0 0.00 0
124912865.0 124916465.0 0.00 0
124916465.0 124920065.0 0.00 0
124920065.0 124923665.0 0.00 0
124923665.0 124927265.0 0.00 0
124927265.0 124930865.0 0.00 0
124930865.0 124934465.0 0.00 0
124934465.0 124938065.0 0.00 0
124938065.0 124941665.0 0.00 0
124941665.0 124945265.0 0.00 0
124945265.0 124948865.0 0.00 0
124948865.0 124952465.0 0.00 0
124952465.0 124956065.0 0.00 0
124956065.0 124959665.0 0.00 0
124959665.0 124963265.0 0.00 0
124963265.0 124966865.0 0.00 0
124966865.0 124970465.0 0.00 0
124970465.0 124974065.0 0.00 0
124974065.0 124977665.0 0.00 0
124977665.0 124981265.0 0.00 0
124981265.0 124984865.0 0.00 0
124984865.0 124988465.0 0.00 0
124988465.0 124992065.0 0.00 0
124992065.0 124995665.0 0.00 0
124995665.0 124999265.0 0.00 0
124999265.0 125002865.0 0.00 0
125002865.0 125006465.0 0.00 0
125006465.0 125010065.0 0.00 0
125010065.0 125013665.0 0.00 0
125013665.0 125017265.0 0.00 0
125017265.0 125020865.0 0.00 0
125020865.0 125024465.0 0.00 0
125024465.0 125028065.0 0.00 0
125028065.0 125031665.0 0.00 0
125031665.0 125035265.0 0.00 0
125035265.0 125038865.0 0.00 0
125038865.0 125042465.0 0.00 0
125042465.0 125046065.0 0.00 0
125046065.0 125049665.0 0.00 0
125049665.0 125053265.0 0.00 0
125053265.0 125056865.0 0.00 0
125056865.0 125060465.0 0.00 0
125060465.0 125064065.0 0.00 0
125064065.0 125067665.0 0.00 0
125067665.0 125071265.0 0.00 0
125071265.0 125074865.0 0.00 0
125074865.0 125078465.0 0.00 0
125078465.0 125082065.0 0.00 0
125082065.0 125085665.0 0.00 0
125085665.0 125089265.0 0.00 0
125089265.0 125092865.0 0.00 0
125092865.0 125096465.0 0.00 0
125096465.0 125100065.0 0.00 0
125100065.0 125103665.0 0.00 0
125103665.0 125107265.0 0.00 0
125107265.0 125110865.0 0.00 0
125110865.0 125114465.0 0.00 0
125114465.0 125118065.0 0.00 0
125118065.0 125121665.0 0.00 0
125121665.0 125125265.0 0.00 0
125125265.0 125128865.0 0.00 0
125128865.0 125132465.0 0.00 0
125132465.0 125136065.0 0.00 0
125136065.0 125139665.0 0.00 0
125139665.0 125143265.0 0.00 0
125143265.0 125146865.0 0.00 0
125146865.0 125150465.0 0.00 0
125150465.0 125154065.0 0.00 0
125154065.0 125157665.0 0.00 0
125157665.0 125161265.0 0.00 0
125161265.0 125164865.0 0.00 0
125164865.0 125168465.0 0.00 0
125168465.0 125172065.0 0.00 0
125172065.0 125175665.0 0.00 0
125175665.0 125179265.0 0.00 0
125179265.0 125182865.0 0.00 0
125182865.0 125186465.0 0.00 0
125186465.0 125190065.0 0.00 0
125190065.0 125193665.0 0.00 0
125193665.0 125197265.0 0.00 0
125197265.0 125200865.0 0.00 0
125200865.0 125204465.0 0.00 0
125204465.0 125208065.0 0.00 0
125208065.0 125211665.0 0.00 0
125211665.0 125215265.0 0.00 0
125215265.0 125218865.0 0.00 0
125218865.0 125222465.0 0.00 0
125222465.0 125226065.0 0.00 0
125226065.0 125229665.0 0.00 0
125229665.0 125233265.0 0.00 0
125233265.0 125236865.0 0.00 0
125236865.0 125240465.0 0.00 0
125240465.0 125244065.0 0.00 0
125244065.0 125247665.0 0.00 0
125247665.0 125251265.0 0.00 0
125251265.0 125254865.0 0.00 0
125254865.0 125258465.0 0.00 0
125258465.0 125262065.0 0.00 0
125262065.0 125265665.0 0.00 0
125265665.0 125269265.0 0.00 0
125269265.0 125272865.0 0.00 0
125272865.0 125276465.0 0.00 0
125276465.0 125280065.0 0.00 0
125280065.0 125283665.0 0.00 0
125283665.0 125287265.0 0.00 0
125287265.0 125290865.0 0.00 0
125290865.0 125294465.0 0.00 0
125294465.0 125298065.0 0.00 0
125298065.0 125301665.0 0.00 0
125301665.0 125305265.0 0.00 0
125305265.0 125308865.0 0.00 0
125308865.0 125312465.0 0.00 0
125312465.0 125316065.0 0.00 0
125316065.0 125319665.0 0.00 0
