120297600.0 120298600.0 0 0.00
120298600.0 120299600.0 0 0.00
120299600.0 120300600.0 0 0.00
120300600.0 120301600.0 0 0.00
120301600.0 120302600.0 0 0.00
120302600.0 120303600.0 0 0.00
120303600.0 120304600.0 0 0.00
120304600.0 120305600.0 0 0.00
120305600.0 120306600.0 0 0.00
120306600.0 120307600.0 0 0.00
120307600.0 120308600.0 0 9.20
120308600.0 120309600.0 1 114.99
120309600.0 120310600.0 1 105.78
120310600.0 120311600.0 0 18.64
120311600.0 120312600.0 0 61.19
120312600.0 120313600.0 0 0.00
120313600.0 120314600.0 0 37.55
120314600.0 120315600.0 0 115.09
120315600.0 120316600.0 1 114.77
120316600.0 120317600.0 0 3.92
120317600.0 120318600.0 1 26.99
120318600.0 120319600.0 0 0.00
120319600.0 120320600.0 0 71.73
120320600.0 120321600.0 0 115.07
120321600.0 120322600.0 0 114.91
120322600.0 120323600.0 0 7.01
120323600.0 120324600.0 0 1.03
120324600.0 120325600.0 0 0.00
120325600.0 120326600.0 0 105.89
120326600.0 120327600.0 0 115.11
120327600.0 120328600.0 1 114.96
120328600.0 120329600.0 1 14.12
120329600.0 120330600.0 0 0.92
120330600.0 120331600.0 0 22.91
120331600.0 120332600.0 1 115.22
120332600.0 120333600.0 0 115.11
120333600.0 120334600.0 1 114.94
120334600.0 120335600.0 1 25.03
120335600.0 120336600.0 0 1.03
120336600.0 120337600.0 0 54.74
120337600.0 120338600.0 0 115.20
120338600.0 120339600.0 0 115.11
120339600.0 120340600.0 0 114.90
120340600.0 120341600.0 1 18.46
120341600.0 120342600.0 0 1.03
120342600.0 120343600.0 0 87.27
120343600.0 120344600.0 1 115.27
120344600.0 120345600.0 3 115.20
120345600.0 120346600.0 0 101.25
120346600.0 120347600.0 0 0.00
120347600.0 120348600.0 0 10.18
120348600.0 120349600.0 1 113.06
120349600.0 120350600.0 1 115.27
120350600.0 120351600.0 1 115.22
120351600.0 120352600.0 0 61.52
120352600.0 120353600.0 0 0.00
120353600.0 120354600.0 0 37.61
120354600.0 120355600.0 1 114.86
120355600.0 120356600.0 0 115.24
120356600.0 120357600.0 1 115.17
120357600.0 120358600.0 0 34.02
120358600.0 120359600.0 0 0.00
120359600.0 120360600.0 0 23.15
120360600.0 120361600.0 1 114.85
120361600.0 120362600.0 1 115.17
120362600.0 120363600.0 1 113.12
120363600.0 120364600.0 0 0.00
120364600.0 120365600.0 0 0.00
120365600.0 120366600.0 0 10.80
120366600.0 120367600.0 0 114.23
120367600.0 120368600.0 0 115.04
120368600.0 120369600.0 1 80.87
120369600.0 120370600.0 0 0.00
120370600.0 120371600.0 1 20.36
120371600.0 120372600.0 0 18.77
120372600.0 120373600.0 1 110.73
120373600.0 120374600.0 1 115.05
120374600.0 120375600.0 0 47.51
120375600.0 120376600.0 0 0.00
120376600.0 120377600.0 1 52.29
120377600.0 120378600.0 0 37.07
120378600.0 120379600.0 0 95.99
120379600.0 120380600.0 0 114.95
120380600.0 120381600.0 0 18.51
120381600.0 120382600.0 0 0.00
120382600.0 120383600.0 0 86.91
120383600.0 120384600.0 0 49.77
120384600.0 120385600.0 2 79.24
120385600.0 120386600.0 0 102.55
120386600.0 120387600.0 0 0.00
120387600.0 120388600.0 0 4.93
120388600.0 120389600.0 0 114.60
120389600.0 120390600.0 0 60.63
120390600.0 120391600.0 0 64.69
120391600.0 120392600.0 1 67.16
120392600.0 120393600.0 0 0.00
120393600.0 120394600.0 0 34.20
120394600.0 120395600.0 0 114.69
120395600.0 120396600.0 0 69.70
120396600.0 120397600.0 0 49.97
120397600.0 120398600.0 0 36.81
120398600.0 120399600.0 0 0.00
120399600.0 120400600.0 0 68.66
120400600.0 120401600.0 1 114.67
120401600.0 120402600.0 1 78.70
120402600.0 120403600.0 0 36.86
120403600.0 120404600.0 0 0.00
120404600.0 120405600.0 0 0.00
120405600.0 120406600.0 0 105.49
120406600.0 120407600.0 0 114.65
120407600.0 120408600.0 0 85.80
120408600.0 120409600.0 0 1.03
120409600.0 120410600.0 0 0.00
120410600.0 120411600.0 0 21.60
120411600.0 120412600.0 0 114.80
120412600.0 120413600.0 0 114.69
120413600.0 120414600.0 0 92.92
120414600.0 120415600.0 0 0.00
120415600.0 120416600.0 0 0.91
120416600.0 120417600.0 0 53.15
120417600.0 120418600.0 0 114.84
120418600.0 120419600.0 0 114.70
120419600.0 120420600.0 0 103.79
120420600.0 120421600.0 0 0.00
120421600.0 120422600.0 0 1.03
120422600.0 120423600.0 0 83.46
120423600.0 120424600.0 1 114.90
120424600.0 120425600.0 1 114.81
120425600.0 120426600.0 3 100.94
120426600.0 120427600.0 0 0.00
120427600.0 120428600.0 0 2.17
120428600.0 120429600.0 0 114.70
120429600.0 120430600.0 0 114.93
120430600.0 120431600.0 1 114.83
120431600.0 120432600.0 0 64.25
120432600.0 120433600.0 0 0.00
120433600.0 120434600.0 0 34.55
120434600.0 120435600.0 1 114.71
120435600.0 120436600.0 0 114.96
120436600.0 120437600.0 0 114.79
120437600.0 120438600.0 1 36.74
120438600.0 120439600.0 0 0.00
120439600.0 120440600.0 0 71.30
120440600.0 120441600.0 1 114.64
120441600.0 120442600.0 0 114.90
120442600.0 120443600.0 0 114.71
120443600.0 120444600.0 0 0.00
120444600.0 120445600.0 0 0.00
120445600.0 120446600.0 0 58.62
120446600.0 120447600.0 1 114.56
120447600.0 120448600.0 0 114.83
120448600.0 120449600.0 0 85.22
120449600.0 120450600.0 0 0.00
120450600.0 120451600.0 0 0.00
120451600.0 120452600.0 0 44.15
120452600.0 120453600.0 0 114.55
120453600.0 120454600.0 1 114.80
120454600.0 120455600.0 0 55.13
120455600.0 120456600.0 0 0.00
120456600.0 120457600.0 0 36.83
120457600.0 120458600.0 0 29.75
120458600.0 120459600.0 0 113.52
120459600.0 120460600.0 2 114.75
120460600.0 120461600.0 2 18.44
120461600.0 120462600.0 0 0.00
120462600.0 120463600.0 1 80.40
120463600.0 120464600.0 0 18.78
120464600.0 120465600.0 1 108.42
120465600.0 120466600.0 1 102.39
120466600.0 120467600.0 0 0.00
120467600.0 120468600.0 0 6.86
120468600.0 120469600.0 1 114.10
120469600.0 120470600.0 0 15.96
120470600.0 120471600.0 0 112.97
120471600.0 120472600.0 0 70.94
120472600.0 120473600.0 0 0.00
120473600.0 120474600.0 0 39.78
120474600.0 120475600.0 2 114.15
120475600.0 120476600.0 0 24.88
120476600.0 120477600.0 0 98.32
120477600.0 120478600.0 1 35.68
120478600.0 120479600.0 0 0.00
120479600.0 120480600.0 0 68.49
120480600.0 120481600.0 0 114.16
120481600.0 120482600.0 0 33.78
120482600.0 120483600.0 0 83.64
120483600.0 120484600.0 0 0.00
120484600.0 120485600.0 0 0.00
120485600.0 120486600.0 0 105.15
120486600.0 120487600.0 1 114.24
120487600.0 120488600.0 1 40.89
120488600.0 120489600.0 1 36.43
120489600.0 120490600.0 0 0.00
120490600.0 120491600.0 0 15.20
120491600.0 120492600.0 0 114.43
120492600.0 120493600.0 0 114.25
120493600.0 120494600.0 0 51.71
120494600.0 120495600.0 0 1.03
120495600.0 120496600.0 0 0.00
120496600.0 120497600.0 0 54.05
120497600.0 120498600.0 0 114.46
120498600.0 120499600.0 0 114.30
120499600.0 120500600.0 1 58.80
120500600.0 120501600.0 0 1.02
120501600.0 120502600.0 0 0.00
120502600.0 120503600.0 0 79.98
120503600.0 120504600.0 1 114.42
120504600.0 120505600.0 0 114.24
120505600.0 120506600.0 0 69.63
120506600.0 120507600.0 0 1.02
120507600.0 120508600.0 0 1.83
120508600.0 120509600.0 0 114.45
120509600.0 120510600.0 0 114.50
120510600.0 120511600.0 0 114.34
120511600.0 120512600.0 0 73.17
120512600.0 120513600.0 0 0.00
120513600.0 120514600.0 0 34.14
120514600.0 120515600.0 0 114.40
120515600.0 120516600.0 0 114.51
120516600.0 120517600.0 0 114.33
120517600.0 120518600.0 0 39.94
120518600.0 120519600.0 0 0.00
120519600.0 120520600.0 0 71.09
120520600.0 120521600.0 0 114.41
120521600.0 120522600.0 0 114.51
120522600.0 120523600.0 0 114.31
120523600.0 120524600.0 0 6.28
120524600.0 120525600.0 0 0.00
120525600.0 120526600.0 0 100.12
120526600.0 120527600.0 0 113.46
120527600.0 120528600.0 1 114.49
120528600.0 120529600.0 0 89.77
120529600.0 120530600.0 0 0.00
120530600.0 120531600.0 0 0.00
120531600.0 120532600.0 2 90.34
120532600.0 120533600.0 1 114.42
120533600.0 120534600.0 1 114.55
120534600.0 120535600.0 1 55.00
120535600.0 120536600.0 0 0.00
120536600.0 120537600.0 0 0.00
120537600.0 120538600.0 0 74.99
120538600.0 120539600.0 1 110.47
120539600.0 120540600.0 0 108.53
120540600.0 120541600.0 2 17.68
120541600.0 120542600.0 0 0.00
120542600.0 120543600.0 1 43.19
120543600.0 120544600.0 0 60.56
120544600.0 120545600.0 0 114.19
120545600.0 120546600.0 0 100.70
120546600.0 120547600.0 0 0.00
120547600.0 120548600.0 0 0.34
120548600.0 120549600.0 1 85.19
120549600.0 120550600.0 1 45.06
120550600.0 120551600.0 1 114.16
120551600.0 120552600.0 0 69.76
120552600.0 120553600.0 0 0.00
120553600.0 120554600.0 0 38.17
120554600.0 120555600.0 0 96.01
120555600.0 120556600.0 0 28.60
120556600.0 120557600.0 0 114.06
120557600.0 120558600.0 0 41.00
120558600.0 120559600.0 0 0.00
120559600.0 120560600.0 0 70.07
120560600.0 120561600.0 1 106.77
120561600.0 120562600.0 0 14.47
120562600.0 120563600.0 1 113.40
120563600.0 120564600.0 0 9.22
120564600.0 120565600.0 0 0.00
120565600.0 120566600.0 1 101.14
120566600.0 120567600.0 1 113.77
120567600.0 120568600.0 0 0.11
120568600.0 120569600.0 0 82.56
120569600.0 120570600.0 0 0.00
120570600.0 120571600.0 0 15.42
120571600.0 120572600.0 1 114.04
120572600.0 120573600.0 1 113.85
120573600.0 120574600.0 0 7.16
120574600.0 120575600.0 0 40.90
120575600.0 120576600.0 0 0.00
120576600.0 120577600.0 0 53.06
120577600.0 120578600.0 1 114.04
120578600.0 120579600.0 0 113.86
120579600.0 120580600.0 0 14.22
120580600.0 120581600.0 0 1.02
120581600.0 120582600.0 0 0.00
120582600.0 120583600.0 1 86.58
120583600.0 120584600.0 0 113.95
120584600.0 120585600.0 0 113.85
120585600.0 120586600.0 0 23.10
120586600.0 120587600.0 0 1.02
120587600.0 120588600.0 0 4.57
120588600.0 120589600.0 2 114.09
120589600.0 120590600.0 0 114.04
120590600.0 120591600.0 0 113.91
120591600.0 120592600.0 0 33.90
120592600.0 120593600.0 0 1.02
120593600.0 120594600.0 0 32.03
120594600.0 120595600.0 0 114.09
120595600.0 120596600.0 0 114.05
120596600.0 120597600.0 1 113.91
120597600.0 120598600.0 0 36.48
120598600.0 120599600.0 0 1.14
120599600.0 120600600.0 0 68.68
120600600.0 120601600.0 0 114.16
120601600.0 120602600.0 0 114.15
120602600.0 120603600.0 0 113.91
120603600.0 120604600.0 0 9.22
120604600.0 120605600.0 0 1.13
120605600.0 120606600.0 0 99.37
120606600.0 120607600.0 0 114.16
120607600.0 120608600.0 0 114.20
120608600.0 120609600.0 1 91.38
120609600.0 120610600.0 0 0.00
120610600.0 120611600.0 0 18.01
120611600.0 120612600.0 0 113.23
120612600.0 120613600.0 0 114.02
120613600.0 120614600.0 1 114.04
120614600.0 120615600.0 0 52.91
120615600.0 120616600.0 0 0.00
120616600.0 120617600.0 0 12.38
120617600.0 120618600.0 1 112.99
120618600.0 120619600.0 0 113.97
120619600.0 120620600.0 0 113.97
120620600.0 120621600.0 0 27.45
120621600.0 120622600.0 0 0.00
120622600.0 120623600.0 0 0.00
120623600.0 120624600.0 0 111.12
120624600.0 120625600.0 0 114.00
120625600.0 120626600.0 0 109.58
120626600.0 120627600.0 0 0.00
120627600.0 120628600.0 0 0.00
120628600.0 120629600.0 0 38.75
120629600.0 120630600.0 0 94.07
120630600.0 120631600.0 0 112.91
120631600.0 120632600.0 1 71.85
120632600.0 120633600.0 0 0.00
120633600.0 120634600.0 0 33.99
120634600.0 120635600.0 1 51.31
120635600.0 120636600.0 1 78.55
120636600.0 120637600.0 0 113.79
120637600.0 120638600.0 0 43.60
120638600.0 120639600.0 0 0.00
120639600.0 120640600.0 0 65.69
120640600.0 120641600.0 0 62.09
120641600.0 120642600.0 0 62.17
120642600.0 120643600.0 1 113.78
120643600.0 120644600.0 0 5.82
120644600.0 120645600.0 0 0.00
120645600.0 120646600.0 1 100.74
120646600.0 120647600.0 0 71.03
120647600.0 120648600.0 0 47.41
120648600.0 120649600.0 0 86.16
120649600.0 120650600.0 0 0.00
120650600.0 120651600.0 0 20.08
120651600.0 120652600.0 0 113.44
120652600.0 120653600.0 0 78.10
120653600.0 120654600.0 0 32.89
120654600.0 120655600.0 1 58.33
120655600.0 120656600.0 0 0.00
120656600.0 120657600.0 1 48.97
120657600.0 120658600.0 0 113.56
120658600.0 120659600.0 1 85.14
120659600.0 120660600.0 0 20.20
120660600.0 120661600.0 0 23.21
120661600.0 120662600.0 0 0.00
120662600.0 120663600.0 0 80.84
120663600.0 120664600.0 0 113.57
120664600.0 120665600.0 1 92.24
120665600.0 120666600.0 0 0.00
120666600.0 120667600.0 0 1.02
120667600.0 120668600.0 0 0.00
120668600.0 120669600.0 0 113.73
120669600.0 120670600.0 0 113.61
120670600.0 120671600.0 1 101.12
120671600.0 120672600.0 0 0.00
120672600.0 120673600.0 0 1.02
120673600.0 120674600.0 0 28.07
120674600.0 120675600.0 0 113.77
120675600.0 120676600.0 0 113.68
120676600.0 120677600.0 0 113.46
120677600.0 120678600.0 0 0.23
120678600.0 120679600.0 0 1.02
120679600.0 120680600.0 0 68.16
120680600.0 120681600.0 0 113.75
120681600.0 120682600.0 0 113.71
120682600.0 120683600.0 1 113.46
120683600.0 120684600.0 0 9.16
120684600.0 120685600.0 0 1.13
120685600.0 120686600.0 0 95.23
120686600.0 120687600.0 0 113.79
120687600.0 120688600.0 0 113.71
120688600.0 120689600.0 0 90.90
120689600.0 120690600.0 0 0.00
120690600.0 120691600.0 0 18.43
120691600.0 120692600.0 0 113.47
120692600.0 120693600.0 0 113.76
120693600.0 120694600.0 0 113.67
120694600.0 120695600.0 0 58.22
120695600.0 120696600.0 0 0.00
120696600.0 120697600.0 0 50.55
120697600.0 120698600.0 0 113.41
120698600.0 120699600.0 1 113.72
120699600.0 120700600.0 1 113.63
120700600.0 120701600.0 0 27.32
120701600.0 120702600.0 0 0.00
120702600.0 120703600.0 0 47.21
120703600.0 120704600.0 0 113.44
120704600.0 120705600.0 0 113.71
120705600.0 120706600.0 0 104.50
120706600.0 120707600.0 0 0.00
120707600.0 120708600.0 0 0.00
120708600.0 120709600.0 0 30.77
120709600.0 120710600.0 1 113.41
120710600.0 120711600.0 0 113.65
120711600.0 120712600.0 0 78.47
120712600.0 120713600.0 0 0.00
120713600.0 120714600.0 0 31.19
120714600.0 120715600.0 1 20.37
120715600.0 120716600.0 0 112.77
120716600.0 120717600.0 0 113.55
120717600.0 120718600.0 0 43.72
120718600.0 120719600.0 0 0.00
120719600.0 120720600.0 0 66.38
120720600.0 120721600.0 0 17.84
120721600.0 120722600.0 0 111.63
120722600.0 120723600.0 0 113.55
120723600.0 120724600.0 1 9.20
120724600.0 120725600.0 0 0.00
120725600.0 120726600.0 0 94.82
120726600.0 120727600.0 0 26.66
120727600.0 120728600.0 0 62.22
120728600.0 120729600.0 0 88.94
120729600.0 120730600.0 0 0.00
120730600.0 120731600.0 0 13.69
120731600.0 120732600.0 1 113.04
120732600.0 120733600.0 0 35.57
120733600.0 120734600.0 0 80.72
120734600.0 120735600.0 0 59.59
120735600.0 120736600.0 0 0.00
120736600.0 120737600.0 0 49.70
120737600.0 120738600.0 1 113.11
120738600.0 120739600.0 0 42.58
120739600.0 120740600.0 0 66.30
120740600.0 120741600.0 0 27.31
120741600.0 120742600.0 0 0.00
120742600.0 120743600.0 1 81.73
120743600.0 120744600.0 1 113.07
120744600.0 120745600.0 1 49.61
120745600.0 120746600.0 0 45.95
120746600.0 120747600.0 0 0.00
120747600.0 120748600.0 0 1.36
120748600.0 120749600.0 0 113.36
120749600.0 120750600.0 0 113.24
120750600.0 120751600.0 0 56.63
120751600.0 120752600.0 0 10.20
120752600.0 120753600.0 0 0.00
120753600.0 120754600.0 0 27.76
120754600.0 120755600.0 0 113.21
120755600.0 120756600.0 0 113.10
120756600.0 120757600.0 1 65.45
120757600.0 120758600.0 0 1.01
120758600.0 120759600.0 0 0.00
120759600.0 120760600.0 0 58.50
120760600.0 120761600.0 1 113.31
120761600.0 120762600.0 0 113.22
120762600.0 120763600.0 2 78.00
120763600.0 120764600.0 0 0.00
120764600.0 120765600.0 0 1.01
120765600.0 120766600.0 0 91.13
120766600.0 120767600.0 0 113.29
120767600.0 120768600.0 1 112.04
120768600.0 120769600.0 1 89.53
120769600.0 120770600.0 0 0.00
120770600.0 120771600.0 0 16.95
120771600.0 120772600.0 1 113.21
120772600.0 120773600.0 0 109.35
120773600.0 120774600.0 1 113.23
120774600.0 120775600.0 0 63.21
120775600.0 120776600.0 0 0.00
120776600.0 120777600.0 0 47.81
120777600.0 120778600.0 1 113.27
120778600.0 120779600.0 3 113.43
120779600.0 120780600.0 1 113.32
120780600.0 120781600.0 1 32.91
120781600.0 120782600.0 0 0.00
120782600.0 120783600.0 0 76.87
120783600.0 120784600.0 1 113.24
120784600.0 120785600.0 1 113.45
120785600.0 120786600.0 0 108.82
120786600.0 120787600.0 2 0.00
120787600.0 120788600.0 0 0.00
120788600.0 120789600.0 0 80.40
120789600.0 120790600.0 1 112.19
120790600.0 120791600.0 0 113.33
120791600.0 120792600.0 1 75.92
120792600.0 120793600.0 0 0.00
120793600.0 120794600.0 0 0.00
120794600.0 120795600.0 0 65.89
120795600.0 120796600.0 1 112.97
120796600.0 120797600.0 0 113.21
120797600.0 120798600.0 0 48.53
120798600.0 120799600.0 0 0.00
120799600.0 120800600.0 0 28.50
120800600.0 120801600.0 0 47.96
120801600.0 120802600.0 0 113.02
120802600.0 120803600.0 0 113.20
120803600.0 120804600.0 0 15.86
120804600.0 120805600.0 0 0.00
120805600.0 120806600.0 0 81.03
120806600.0 120807600.0 0 31.74
120807600.0 120808600.0 0 112.98
120808600.0 120809600.0 0 95.08
120809600.0 120810600.0 0 0.00
120810600.0 120811600.0 0 7.78
120811600.0 120812600.0 0 105.90
120812600.0 120813600.0 0 0.00
120813600.0 120814600.0 1 70.51
120814600.0 120815600.0 1 58.82
120815600.0 120816600.0 0 0.00
120816600.0 120817600.0 0 41.37
120817600.0 120818600.0 0 112.56
120818600.0 120819600.0 0 0.23
120819600.0 120820600.0 1 111.94
120820600.0 120821600.0 0 28.79
120821600.0 120822600.0 0 0.00
120822600.0 120823600.0 1 76.63
120823600.0 120824600.0 2 112.68
120824600.0 120825600.0 0 7.32
120825600.0 120826600.0 0 78.81
120826600.0 120827600.0 0 0.00
120827600.0 120828600.0 0 0.00
120828600.0 120829600.0 0 112.83
120829600.0 120830600.0 0 112.68
120830600.0 120831600.0 0 12.38
120831600.0 120832600.0 1 54.39
120832600.0 120833600.0 1 0.00
120833600.0 120834600.0 0 31.39
120834600.0 120835600.0 0 112.88
120835600.0 120836600.0 0 112.73
120836600.0 120837600.0 0 21.29
120837600.0 120838600.0 0 10.16
120838600.0 120839600.0 0 0.00
120839600.0 120840600.0 0 63.26
120840600.0 120841600.0 2 112.94
120841600.0 120842600.0 2 112.77
120842600.0 120843600.0 0 32.00
120843600.0 120844600.0 0 1.01
120844600.0 120845600.0 0 0.00
120845600.0 120846600.0 1 94.74
120846600.0 120847600.0 0 112.86
120847600.0 120848600.0 0 112.75
120848600.0 120849600.0 0 46.30
120849600.0 120850600.0 0 1.01
120850600.0 120851600.0 0 15.10
120851600.0 120852600.0 0 112.99
120852600.0 120853600.0 2 112.91
120853600.0 120854600.0 2 112.81
120854600.0 120855600.0 0 62.84
120855600.0 120856600.0 0 1.01
120856600.0 120857600.0 0 42.37
120857600.0 120858600.0 0 112.94
120858600.0 120859600.0 0 112.96
120859600.0 120860600.0 0 112.80
120860600.0 120861600.0 3 36.15
120861600.0 120862600.0 1 1.12
120862600.0 120863600.0 2 72.99
120863600.0 120864600.0 0 112.93
120864600.0 120865600.0 0 112.99
120865600.0 120866600.0 2 112.24
120866600.0 120867600.0 0 0.00
120867600.0 120868600.0 0 0.00
120868600.0 120869600.0 0 102.87
120869600.0 120870600.0 3 112.90
120870600.0 120871600.0 0 113.05
120871600.0 120872600.0 1 81.35
120872600.0 120873600.0 0 0.00
120873600.0 120874600.0 0 1.47
120874600.0 120875600.0 0 110.96
120875600.0 120876600.0 0 112.79
120876600.0 120877600.0 0 112.90
120877600.0 120878600.0 2 49.13
120878600.0 120879600.0 0 0.00
120879600.0 120880600.0 0 0.00
120880600.0 120881600.0 0 95.34
120881600.0 120882600.0 0 112.78
120882600.0 120883600.0 1 112.84
120883600.0 120884600.0 0 18.11
120884600.0 120885600.0 0 0.00
120885600.0 120886600.0 0 36.71
120886600.0 120887600.0 0 79.16
120887600.0 120888600.0 1 112.68
120888600.0 120889600.0 0 96.03
120889600.0 120890600.0 0 0.00
120890600.0 120891600.0 0 10.66
120891600.0 120892600.0 0 65.38
120892600.0 120893600.0 0 63.02
120893600.0 120894600.0 0 112.73
120894600.0 120895600.0 0 69.63
120895600.0 120896600.0 0 0.00
120896600.0 120897600.0 0 45.96
120897600.0 120898600.0 0 72.88
120898600.0 120899600.0 0 46.76
120899600.0 120900600.0 1 112.55
120900600.0 120901600.0 1 36.19
120901600.0 120902600.0 0 0.00
120902600.0 120903600.0 0 78.79
120903600.0 120904600.0 0 79.30
120904600.0 120905600.0 0 30.55
120905600.0 120906600.0 0 112.48
120906600.0 120907600.0 0 0.00
120907600.0 120908600.0 0 0.00
120908600.0 120909600.0 0 103.30
120909600.0 120910600.0 0 86.30
120910600.0 120911600.0 0 16.17
120911600.0 120912600.0 0 81.50
120912600.0 120913600.0 0 0.00
120913600.0 120914600.0 0 26.90
120914600.0 120915600.0 1 112.44
120915600.0 120916600.0 1 91.50
120916600.0 120917600.0 0 4.40
120917600.0 120918600.0 0 48.18
120918600.0 120919600.0 0 0.00
120919600.0 120920600.0 1 58.38
120920600.0 120921600.0 0 112.48
120921600.0 120922600.0 0 100.29
120922600.0 120923600.0 0 0.00
120923600.0 120924600.0 0 10.11
120924600.0 120925600.0 0 0.00
120925600.0 120926600.0 2 94.18
120926600.0 120927600.0 0 112.46
120927600.0 120928600.0 0 109.19
120928600.0 120929600.0 0 0.00
120929600.0 120930600.0 0 1.01
120930600.0 120931600.0 0 5.29
120931600.0 120932600.0 0 112.51
120932600.0 120933600.0 0 112.42
120933600.0 120934600.0 0 112.21
120934600.0 120935600.0 0 11.10
120935600.0 120936600.0 0 1.01
120936600.0 120937600.0 0 42.71
120937600.0 120938600.0 0 112.50
120938600.0 120939600.0 0 112.43
120939600.0 120940600.0 0 112.32
120940600.0 120941600.0 0 30.93
120941600.0 120942600.0 0 1.01
120942600.0 120943600.0 0 76.32
120943600.0 120944600.0 0 112.59
120944600.0 120945600.0 0 112.57
120945600.0 120946600.0 0 112.30
120946600.0 120947600.0 1 0.00
120947600.0 120948600.0 0 1.12
120948600.0 120949600.0 2 105.16
120949600.0 120950600.0 1 112.55
120950600.0 120951600.0 0 112.58
120951600.0 120952600.0 0 81.01
120952600.0 120953600.0 0 0.00
120953600.0 120954600.0 0 22.27
120954600.0 120955600.0 2 112.26
120955600.0 120956600.0 1 112.58
120956600.0 120957600.0 0 112.59
120957600.0 120958600.0 1 54.02
120958600.0 120959600.0 0 0.00
120959600.0 120960600.0 0 33.98
120960600.0 120961600.0 0 108.37
120961600.0 120962600.0 0 112.36
120962600.0 120963600.0 0 112.31
120963600.0 120964600.0 0 18.08
120964600.0 120965600.0 0 0.00
120965600.0 120966600.0 0 18.37
120966600.0 120967600.0 1 110.71
120967600.0 120968600.0 0 112.43
120968600.0 120969600.0 1 96.49
120969600.0 120970600.0 0 0.00
120970600.0 120971600.0 0 11.53
120971600.0 120972600.0 0 23.85
120972600.0 120973600.0 0 111.63
120973600.0 120974600.0 1 112.45
120974600.0 120975600.0 1 66.66
120975600.0 120976600.0 0 0.00
120976600.0 120977600.0 0 43.27
120977600.0 120978600.0 0 32.06
120978600.0 120979600.0 1 95.96
120979600.0 120980600.0 1 112.35
120980600.0 120981600.0 0 33.71
120981600.0 120982600.0 0 0.00
120982600.0 120983600.0 1 75.11
120983600.0 120984600.0 0 39.01
120984600.0 120985600.0 0 47.38
120985600.0 120986600.0 0 112.34
120986600.0 120987600.0 0 9.11
120987600.0 120988600.0 0 0.00
120988600.0 120989600.0 0 102.86
120989600.0 120990600.0 0 45.95
120990600.0 120991600.0 0 63.65
120991600.0 120992600.0 0 82.60
120992600.0 120993600.0 0 0.00
120993600.0 120994600.0 0 23.44
120994600.0 120995600.0 1 112.07
120995600.0 120996600.0 0 51.12
120996600.0 120997600.0 0 49.15
120997600.0 120998600.0 0 57.76
120998600.0 120999600.0 0 0.00
120999600.0 121000600.0 0 0.00
121000600.0 121001600.0 0 0.00
121001600.0 121002600.0 0 0.00
121002600.0 121003200.0 0 0.00
136641600.0 136642600.0 0 0.00
136642600.0 136643600.0 0 0.00
136643600.0 136644600.0 0 0.00
136644600.0 136645600.0 0 0.00
136645600.0 136646600.0 0 0.00
136646600.0 136647600.0 0 0.00
136647600.0 136648600.0 0 0.00
136648600.0 136649600.0 0 0.00
136649600.0 136650600.0 0 0.00
136650600.0 136651600.0 0 48.19
136651600.0 136652600.0 1 115.35
136652600.0 136653600.0 0 115.34
136653600.0 136654600.0 0 114.96
136654600.0 136655600.0 0 66.12
136655600.0 136656600.0 0 56.27
136656600.0 136657600.0 0 115.20
136657600.0 136658600.0 0 115.35
136658600.0 136659600.0 0 115.33
136659600.0 136660600.0 1 115.02
136660600.0 136661600.0 0 88.30
136661600.0 136662600.0 0 43.61
136662600.0 136663600.0 0 115.08
136663600.0 136664600.0 0 115.34
136664600.0 136665600.0 0 115.31
136665600.0 136666600.0 0 41.75
136666600.0 136667600.0 0 102.15
136667600.0 136668600.0 0 28.77
136668600.0 136669600.0 1 115.13
136669600.0 136670600.0 0 109.78
136670600.0 136671600.0 0 114.22
136671600.0 136672600.0 0 115.11
136672600.0 136673600.0 0 114.84
136673600.0 136674600.0 0 18.94
136674600.0 136675600.0 1 114.73
136675600.0 136676600.0 0 115.30
136676600.0 136677600.0 2 115.25
136677600.0 136678600.0 1 115.11
136678600.0 136679600.0 0 114.86
136679600.0 136680600.0 0 15.61
136680600.0 136681600.0 1 114.12
136681600.0 136682600.0 1 115.34
136682600.0 136683600.0 0 115.29
136683600.0 136684600.0 0 115.11
136684600.0 136685600.0 0 114.96
136685600.0 136686600.0 0 24.57
136686600.0 136687600.0 1 99.43
136687600.0 136688600.0 0 115.30
136688600.0 136689600.0 0 115.18
136689600.0 136690600.0 0 115.10
136690600.0 136691600.0 0 114.98
136691600.0 136692600.0 0 31.69
136692600.0 136693600.0 1 84.96
136693600.0 136694600.0 1 115.22
136694600.0 136695600.0 0 115.25
136695600.0 136696600.0 0 115.33
136696600.0 136697600.0 0 115.17
136697600.0 136698600.0 1 40.67
136698600.0 136699600.0 0 70.08
136699600.0 136700600.0 0 115.16
136700600.0 136701600.0 0 115.22
136701600.0 136702600.0 0 115.28
136702600.0 136703600.0 0 115.16
136703600.0 136704600.0 0 47.90
136704600.0 136705600.0 0 55.53
136705600.0 136706600.0 1 115.00
136706600.0 136707600.0 0 115.22
136707600.0 136708600.0 0 115.29
136708600.0 136709600.0 1 115.09
136709600.0 136710600.0 0 56.86
136710600.0 136711600.0 0 42.60
136711600.0 136712600.0 1 114.90
136712600.0 136713600.0 0 106.74
136713600.0 136714600.0 0 115.25
136714600.0 136715600.0 2 115.01
136715600.0 136716600.0 0 69.66
136716600.0 136717600.0 0 28.03
136717600.0 136718600.0 1 115.02
136718600.0 136719600.0 0 115.32
136719600.0 136720600.0 0 115.26
136720600.0 136721600.0 0 115.16
136721600.0 136722600.0 0 84.42
136722600.0 136723600.0 0 15.62
136723600.0 136724600.0 0 114.69
136724600.0 136725600.0 0 115.20
136725600.0 136726600.0 0 115.30
136726600.0 136727600.0 0 115.16
136727600.0 136728600.0 0 104.75
136728600.0 136729600.0 0 2.78
136729600.0 136730600.0 0 114.99
136730600.0 136731600.0 0 115.25
136731600.0 136732600.0 0 115.35
136732600.0 136733600.0 1 115.21
136733600.0 136734600.0 0 114.86
136734600.0 136735600.0 1 11.94
136735600.0 136736600.0 0 104.99
136736600.0 136737600.0 1 115.24
136737600.0 136738600.0 1 115.33
136738600.0 136739600.0 0 115.18
136739600.0 136740600.0 0 114.86
136740600.0 136741600.0 0 34.06
136741600.0 136742600.0 0 92.25
136742600.0 136743600.0 0 115.12
136743600.0 136744600.0 0 115.37
136744600.0 136745600.0 0 115.23
136745600.0 136746600.0 0 114.82
136746600.0 136747600.0 0 54.21
136747600.0 136748600.0 1 77.52
136748600.0 136749600.0 0 115.22
136749600.0 136750600.0 1 115.39
136750600.0 136751600.0 1 115.23
136751600.0 136752600.0 1 114.93
136752600.0 136753600.0 0 70.91
136753600.0 136754600.0 1 62.60
136754600.0 136755600.0 1 115.05
136755600.0 136756600.0 1 115.36
136756600.0 136757600.0 0 114.23
136757600.0 136758600.0 0 115.01
136758600.0 136759600.0 1 83.64
136759600.0 136760600.0 0 47.84
136760600.0 136761600.0 0 115.19
136761600.0 136762600.0 1 115.38
136762600.0 136763600.0 0 115.12
136763600.0 136764600.0 0 115.03
136764600.0 136765600.0 0 94.67
136765600.0 136766600.0 0 33.04
136766600.0 136767600.0 0 114.99
136767600.0 136768600.0 0 115.30
136768600.0 136769600.0 0 115.09
136769600.0 136770600.0 0 115.05
136770600.0 136771600.0 0 101.68
136771600.0 136772600.0 0 18.84
136772600.0 136773600.0 0 114.47
136773600.0 136774600.0 0 115.10
136774600.0 136775600.0 1 115.01
136775600.0 136776600.0 0 115.00
136776600.0 136777600.0 1 110.62
136777600.0 136778600.0 0 4.25
136778600.0 136779600.0 2 114.61
136779600.0 136780600.0 2 115.09
136780600.0 136781600.0 0 114.98
136781600.0 136782600.0 0 114.99
136782600.0 136783600.0 1 114.74
136783600.0 136784600.0 0 2.98
136784600.0 136785600.0 0 105.84
136785600.0 136786600.0 0 115.06
136786600.0 136787600.0 0 115.10
136787600.0 136788600.0 0 115.09
136788600.0 136789600.0 2 114.89
136789600.0 136790600.0 0 10.10
136790600.0 136791600.0 0 91.33
136791600.0 136792600.0 0 115.04
136792600.0 136793600.0 0 115.16
136793600.0 136794600.0 0 115.28
136794600.0 136795600.0 2 115.04
136795600.0 136796600.0 0 21.00
136796600.0 136797600.0 0 75.10
136797600.0 136798600.0 0 0.00
136798600.0 136799600.0 0 0.00
136799600.0 136800600.0 0 0.00
136800600.0 136801600.0 0 0.00
136801600.0 136802600.0 0 18.84
136802600.0 136803600.0 0 65.57
136803600.0 136804600.0 0 114.77
136804600.0 136805600.0 0 115.07
136805600.0 136806600.0 1 115.08
136806600.0 136807600.0 1 114.92
136807600.0 136808600.0 0 50.26
136808600.0 136809600.0 0 51.16
136809600.0 136810600.0 0 114.92
136810600.0 136811600.0 0 115.14
136811600.0 136812600.0 3 115.21
136812600.0 136813600.0 1 115.00
136813600.0 136814600.0 0 70.63
136814600.0 136815600.0 1 38.68
136815600.0 136816600.0 0 114.02
136816600.0 136817600.0 0 115.20
136817600.0 136818600.0 1 115.21
136818600.0 136819600.0 0 115.02
136819600.0 136820600.0 1 92.76
136820600.0 136821600.0 0 25.82
136821600.0 136822600.0 0 114.92
136822600.0 136823600.0 0 115.14
136823600.0 136824600.0 0 115.19
136824600.0 136825600.0 0 114.96
136825600.0 136826600.0 0 114.63
136826600.0 136827600.0 0 11.25
136827600.0 136828600.0 1 114.86
136828600.0 136829600.0 1 115.08
136829600.0 136830600.0 0 115.12
136830600.0 136831600.0 1 115.02
136831600.0 136832600.0 0 114.74
136832600.0 136833600.0 0 22.24
136833600.0 136834600.0 0 109.56
136834600.0 136835600.0 2 115.20
136835600.0 136836600.0 0 115.32
136836600.0 136837600.0 0 115.02
136837600.0 136838600.0 1 114.87
136838600.0 136839600.0 0 36.94
136839600.0 136840600.0 0 94.61
136840600.0 136841600.0 1 115.06
136841600.0 136842600.0 0 115.26
136842600.0 136843600.0 1 114.98
136843600.0 136844600.0 0 114.76
136844600.0 136845600.0 0 49.60
136845600.0 136846600.0 0 79.89
136846600.0 136847600.0 1 115.00
136847600.0 136848600.0 1 115.17
136848600.0 136849600.0 1 115.03
136849600.0 136850600.0 0 114.94
136850600.0 136851600.0 0 58.57
136851600.0 136852600.0 0 65.17
136852600.0 136853600.0 0 115.20
136853600.0 136854600.0 1 115.27
136854600.0 136855600.0 0 114.98
136855600.0 136856600.0 0 114.99
136856600.0 136857600.0 2 67.72
136857600.0 136858600.0 0 50.35
136858600.0 136859600.0 0 115.00
136859600.0 136860600.0 0 115.05
136860600.0 136861600.0 0 114.90
136861600.0 136862600.0 0 114.86
136862600.0 136863600.0 1 74.77
136863600.0 136864600.0 0 37.78
136864600.0 136865600.0 0 114.92
136865600.0 136866600.0 2 115.05
136866600.0 136867600.0 0 114.94
136867600.0 136868600.0 0 114.89
136868600.0 136869600.0 1 81.91
136869600.0 136870600.0 0 23.19
136870600.0 136871600.0 0 114.88
136871600.0 136872600.0 1 115.00
136872600.0 136873600.0 0 115.02
136873600.0 136874600.0 0 115.02
136874600.0 136875600.0 0 90.89
136875600.0 136876600.0 0 10.68
136876600.0 136877600.0 1 114.56
136877600.0 136878600.0 0 115.02
136878600.0 136879600.0 0 115.15
136879600.0 136880600.0 0 114.98
136880600.0 136881600.0 0 101.79
136881600.0 136882600.0 0 0.00
136882600.0 136883600.0 1 112.49
136883600.0 136884600.0 0 114.97
136884600.0 136885600.0 0 115.09
136885600.0 136886600.0 0 112.27
136886600.0 136887600.0 0 114.80
136887600.0 136888600.0 0 1.72
136888600.0 136889600.0 0 99.53
136889600.0 136890600.0 0 114.90
136890600.0 136891600.0 0 115.05
136891600.0 136892600.0 2 114.92
136892600.0 136893600.0 0 114.80
136893600.0 136894600.0 0 20.07
136894600.0 136895600.0 0 86.94
136895600.0 136896600.0 0 114.99
136896600.0 136897600.0 0 115.14
136897600.0 136898600.0 0 114.97
136898600.0 136899600.0 0 114.76
136899600.0 136900600.0 1 40.36
136900600.0 136901600.0 0 72.50
136901600.0 136902600.0 0 115.01
136902600.0 136903600.0 1 115.03
136903600.0 136904600.0 1 115.01
136904600.0 136905600.0 1 114.83
136905600.0 136906600.0 0 62.43
136906600.0 136907600.0 0 59.81
136907600.0 136908600.0 0 114.94
136908600.0 136909600.0 1 115.10
136909600.0 136910600.0 0 115.06
136910600.0 136911600.0 1 114.83
136911600.0 136912600.0 0 84.57
136912600.0 136913600.0 0 45.13
136913600.0 136914600.0 0 114.87
136914600.0 136915600.0 1 115.04
136915600.0 136916600.0 0 115.05
136916600.0 136917600.0 0 114.83
136917600.0 136918600.0 0 101.02
136918600.0 136919600.0 0 30.46
136919600.0 136920600.0 1 114.90
136920600.0 136921600.0 0 115.17
136921600.0 136922600.0 0 115.24
136922600.0 136923600.0 0 114.88
136923600.0 136924600.0 0 114.59
136924600.0 136925600.0 0 15.12
136925600.0 136926600.0 1 114.36
136926600.0 136927600.0 0 114.98
136927600.0 136928600.0 0 114.99
136928600.0 136929600.0 0 114.73
136929600.0 136930600.0 0 114.60
136930600.0 136931600.0 0 12.02
136931600.0 136932600.0 0 113.72
136932600.0 136933600.0 1 115.12
136933600.0 136934600.0 0 115.06
136934600.0 136935600.0 0 114.86
136935600.0 136936600.0 0 114.66
136936600.0 136937600.0 0 20.97
136937600.0 136938600.0 1 99.08
136938600.0 136939600.0 0 1.95
136939600.0 136940600.0 0 0.00
136940600.0 136941600.0 0 0.00
136941600.0 136942600.0 0 0.00
136942600.0 136943600.0 0 0.00
136943600.0 136944600.0 0 0.00
136944600.0 136945600.0 1 68.99
136945600.0 136946600.0 0 114.99
136946600.0 136947600.0 0 114.84
136947600.0 136948600.0 0 114.86
136948600.0 136949600.0 0 36.99
136949600.0 136950600.0 0 71.67
136950600.0 136951600.0 0 114.91
136951600.0 136952600.0 0 114.88
136952600.0 136953600.0 0 114.82
136953600.0 136954600.0 0 114.73
136954600.0 136955600.0 0 44.22
136955600.0 136956600.0 0 59.01
136956600.0 136957600.0 1 114.90
136957600.0 136958600.0 0 114.91
136958600.0 136959600.0 0 114.96
136959600.0 136960600.0 2 114.80
136960600.0 136961600.0 0 54.99
136961600.0 136962600.0 1 46.29
136962600.0 136963600.0 0 114.75
136963600.0 136964600.0 0 114.92
136964600.0 136965600.0 1 114.97
136965600.0 136966600.0 0 114.91
136966600.0 136967600.0 0 65.91
136967600.0 136968600.0 0 33.36
136968600.0 136969600.0 1 114.56
136969600.0 136970600.0 0 114.81
136970600.0 136971600.0 0 114.87
136971600.0 136972600.0 1 112.88
136972600.0 136973600.0 0 82.40
136973600.0 136974600.0 0 21.02
136974600.0 136975600.0 0 114.37
136975600.0 136976600.0 0 114.98
136976600.0 136977600.0 1 115.00
136977600.0 136978600.0 2 114.89
136978600.0 136979600.0 0 100.92
136979600.0 136980600.0 0 8.26
136980600.0 136981600.0 0 114.42
136981600.0 136982600.0 0 114.89
136982600.0 136983600.0 0 114.90
136983600.0 136984600.0 0 114.87
136984600.0 136985600.0 1 114.62
136985600.0 136986600.0 0 8.36
136986600.0 136987600.0 0 110.20
136987600.0 136988600.0 0 114.94
136988600.0 136989600.0 0 115.00
136989600.0 136990600.0 0 114.90
136990600.0 136991600.0 0 114.62
136991600.0 136992600.0 0 30.44
136992600.0 136993600.0 0 95.48
136993600.0 136994600.0 2 114.87
136994600.0 136995600.0 0 115.00
136995600.0 136996600.0 0 114.91
136996600.0 136997600.0 0 114.67
136997600.0 136998600.0 0 50.54
136998600.0 136999600.0 2 80.80
136999600.0 137000600.0 0 114.84
137000600.0 137001600.0 0 114.97
137001600.0 137002600.0 0 114.93
137002600.0 137003600.0 2 114.60
137003600.0 137004600.0 0 67.16
137004600.0 137005600.0 1 64.35
137005600.0 137006600.0 0 114.83
137006600.0 137007600.0 1 115.09
137007600.0 137008600.0 0 114.95
137008600.0 137009600.0 2 114.70
137009600.0 137010600.0 0 79.87
137010600.0 137011600.0 0 49.38
137011600.0 137012600.0 0 114.68
137012600.0 137013600.0 0 114.98
137013600.0 137014600.0 0 114.90
137014600.0 137015600.0 0 114.63
137015600.0 137016600.0 0 90.72
137016600.0 137017600.0 0 32.85
137017600.0 137018600.0 0 114.61
137018600.0 137019600.0 1 114.96
137019600.0 137020600.0 1 114.80
137020600.0 137021600.0 0 114.66
137021600.0 137022600.0 1 99.72
137022600.0 137023600.0 0 18.32
137023600.0 137024600.0 0 114.54
137024600.0 137025600.0 1 115.09
137025600.0 137026600.0 1 114.88
137026600.0 137027600.0 0 114.76
137027600.0 137028600.0 0 106.90
137028600.0 137029600.0 0 5.86
137029600.0 137030600.0 2 114.16
137030600.0 137031600.0 0 114.91
137031600.0 137032600.0 0 114.74
137032600.0 137033600.0 0 114.70
137033600.0 137034600.0 0 113.95
137034600.0 137035600.0 0 0.00
137035600.0 137036600.0 1 107.55
137036600.0 137037600.0 0 114.91
137037600.0 137038600.0 1 114.81
137038600.0 137039600.0 0 114.78
137039600.0 137040600.0 0 114.65
137040600.0 137041600.0 0 8.47
137041600.0 137042600.0 0 94.73
137042600.0 137043600.0 0 114.76
137043600.0 137044600.0 0 114.83
137044600.0 137045600.0 0 114.77
137045600.0 137046600.0 0 114.65
137046600.0 137047600.0 0 17.39
137047600.0 137048600.0 0 82.01
137048600.0 137049600.0 0 114.64
137049600.0 137050600.0 0 114.80
137050600.0 137051600.0 1 114.80
137051600.0 137052600.0 0 114.67
137052600.0 137053600.0 0 30.08
137053600.0 137054600.0 0 69.19
137054600.0 137055600.0 0 114.68
137055600.0 137056600.0 0 114.86
137056600.0 137057600.0 0 114.87
137057600.0 137058600.0 0 114.72
137058600.0 137059600.0 0 46.59
137059600.0 137060600.0 0 56.38
137060600.0 137061600.0 0 114.49
137061600.0 137062600.0 0 114.82
137062600.0 137063600.0 0 114.80
137063600.0 137064600.0 2 114.64
137064600.0 137065600.0 0 66.86
137065600.0 137066600.0 0 43.83
137066600.0 137067600.0 0 114.53
137067600.0 137068600.0 1 114.84
137068600.0 137069600.0 0 114.81
137069600.0 137070600.0 0 114.66
137070600.0 137071600.0 0 90.79
137071600.0 137072600.0 0 31.26
137072600.0 137073600.0 0 114.60
137073600.0 137074600.0 0 114.84
137074600.0 137075600.0 1 114.87
137075600.0 137076600.0 0 114.72
137076600.0 137077600.0 2 112.91
137077600.0 137078600.0 0 16.60
137078600.0 137079600.0 0 114.53
137079600.0 137080600.0 0 114.82
137080600.0 137081600.0 0 114.87
137081600.0 137082600.0 0 114.75
137082600.0 137083600.0 1 114.37
137083600.0 137084600.0 0 18.89
137084600.0 137085600.0 1 114.53
137085600.0 137086600.0 0 114.74
137086600.0 137087600.0 0 114.81
137087600.0 137088600.0 0 114.68
137088600.0 137089600.0 0 114.41
137089600.0 137090600.0 0 33.24
137090600.0 137091600.0 1 98.85
137091600.0 137092600.0 0 114.85
137092600.0 137093600.0 1 115.02
137093600.0 137094600.0 0 114.74
137094600.0 137095600.0 1 114.43
137095600.0 137096600.0 0 45.95
137096600.0 137097600.0 0 83.26
137097600.0 137098600.0 0 114.76
137098600.0 137099600.0 1 114.98
137099600.0 137100600.0 1 114.75
137100600.0 137101600.0 1 114.43
137101600.0 137102600.0 0 54.98
137102600.0 137103600.0 0 68.57
137103600.0 137104600.0 1 114.71
137104600.0 137105600.0 0 114.93
137105600.0 137106600.0 0 114.66
137106600.0 137107600.0 0 114.50
137107600.0 137108600.0 0 62.07
137108600.0 137109600.0 0 53.84
137109600.0 137110600.0 0 114.77
137110600.0 137111600.0 1 114.94
137111600.0 137112600.0 2 114.60
137112600.0 137113600.0 0 114.49
137113600.0 137114600.0 0 69.16
137114600.0 137115600.0 0 39.21
137115600.0 137116600.0 0 114.58
137116600.0 137117600.0 0 114.74
137117600.0 137118600.0 0 114.61
137118600.0 137119600.0 0 114.52
137119600.0 137120600.0 0 76.19
137120600.0 137121600.0 0 26.70
137121600.0 137122600.0 2 114.72
137122600.0 137123600.0 0 114.86
137123600.0 137124600.0 0 114.71
137124600.0 137125600.0 0 114.63
137125600.0 137126600.0 1 85.26
137126600.0 137127600.0 0 14.19
137127600.0 137128600.0 2 114.29
137128600.0 137129600.0 0 114.69
137129600.0 137130600.0 0 114.65
137130600.0 137131600.0 1 114.68
137131600.0 137132600.0 1 96.13
137132600.0 137133600.0 0 3.46
137133600.0 137134600.0 0 114.24
137134600.0 137135600.0 0 114.60
137135600.0 137136600.0 0 114.68
137136600.0 137137600.0 0 114.69
137137600.0 137138600.0 1 108.82
137138600.0 137139600.0 0 0.00
137139600.0 137140600.0 0 104.81
137140600.0 137141600.0 0 114.56
137141600.0 137142600.0 1 114.72
137142600.0 137143600.0 0 112.91
137143600.0 137144600.0 0 114.47
137144600.0 137145600.0 0 12.81
137145600.0 137146600.0 1 92.07
137146600.0 137147600.0 0 114.52
137147600.0 137148600.0 1 114.72
137148600.0 137149600.0 0 114.56
137149600.0 137150600.0 1 114.42
137150600.0 137151600.0 0 34.84
137151600.0 137152600.0 1 79.54
137152600.0 137153600.0 0 114.52
137153600.0 137154600.0 0 114.73
137154600.0 137155600.0 1 114.59
137155600.0 137156600.0 2 114.50
137156600.0 137157600.0 1 58.78
137157600.0 137158600.0 1 66.90
137158600.0 137159600.0 0 114.60
137159600.0 137160600.0 0 114.76
137160600.0 137161600.0 0 114.69
137161600.0 137162600.0 0 114.57
137162600.0 137163600.0 0 78.90
137163600.0 137164600.0 0 52.24
137164600.0 137165600.0 0 114.46
137165600.0 137166600.0 0 114.71
137166600.0 137167600.0 1 114.74
137167600.0 137168600.0 0 114.54
137168600.0 137169600.0 1 97.13
137169600.0 137170600.0 0 37.78
137170600.0 137171600.0 1 114.53
137171600.0 137172600.0 0 114.68
137172600.0 137173600.0 0 114.73
137173600.0 137174600.0 1 114.54
137174600.0 137175600.0 0 111.81
137175600.0 137176600.0 0 19.30
137176600.0 137177600.0 0 112.39
137177600.0 137178600.0 0 114.69
137178600.0 137179600.0 0 114.73
137179600.0 137180600.0 0 114.49
137180600.0 137181600.0 0 114.21
137181600.0 137182600.0 0 13.13
137182600.0 137183600.0 2 114.07
137183600.0 137184600.0 0 114.74
137184600.0 137185600.0 0 114.83
137185600.0 137186600.0 0 114.50
137186600.0 137187600.0 0 114.32
137187600.0 137188600.0 0 19.19
137188600.0 137189600.0 1 102.43
137189600.0 137190600.0 0 114.79
137190600.0 137191600.0 1 114.87
137191600.0 137192600.0 0 114.52
137192600.0 137193600.0 0 114.34
137193600.0 137194600.0 0 26.39
137194600.0 137195600.0 0 87.46
137195600.0 137196600.0 0 114.58
137196600.0 137197600.0 0 114.69
137197600.0 137198600.0 1 114.46
137198600.0 137199600.0 0 114.35
137199600.0 137200600.0 0 33.45
137200600.0 137201600.0 2 74.79
137201600.0 137202600.0 0 114.64
137202600.0 137203600.0 1 114.71
137203600.0 137204600.0 0 114.52
137204600.0 137205600.0 1 114.43
137205600.0 137206600.0 0 38.63
137206600.0 137207600.0 1 62.42
137207600.0 137208600.0 0 114.73
137208600.0 137209600.0 1 114.69
137209600.0 137210600.0 0 114.54
137210600.0 137211600.0 0 114.60
137211600.0 137212600.0 1 47.69
137212600.0 137213600.0 0 49.55
137213600.0 137214600.0 0 113.69
137214600.0 137215600.0 0 114.54
137215600.0 137216600.0 0 114.56
137216600.0 137217600.0 1 114.50
137217600.0 137218600.0 0 58.40
137218600.0 137219600.0 0 36.87
137219600.0 137220600.0 0 114.44
137220600.0 137221600.0 1 114.50
137221600.0 137222600.0 0 114.53
137222600.0 137223600.0 0 114.47
137223600.0 137224600.0 0 73.03
137224600.0 137225600.0 0 25.98
137225600.0 137226600.0 0 114.35
137226600.0 137227600.0 0 114.51
137227600.0 137228600.0 0 114.60
137228600.0 137229600.0 0 114.54
137229600.0 137230600.0 0 93.29
137230600.0 137231600.0 0 15.57
137231600.0 137232600.0 1 114.12
137232600.0 137233600.0 0 114.54
137233600.0 137234600.0 0 114.63
137234600.0 137235600.0 1 114.50
137235600.0 137236600.0 1 114.32
137236600.0 137237600.0 0 3.80
137237600.0 137238600.0 0 114.26
137238600.0 137239600.0 0 114.50
137239600.0 137240600.0 0 114.60
137240600.0 137241600.0 0 114.55
137241600.0 137242600.0 0 114.32
137242600.0 137243600.0 0 25.01
137243600.0 137244600.0 0 102.49
137244600.0 137245600.0 0 114.50
137245600.0 137246600.0 0 114.60
137246600.0 137247600.0 1 114.56
137247600.0 137248600.0 0 114.33
137248600.0 137249600.0 0 47.01
137249600.0 137250600.0 0 87.84
137250600.0 137251600.0 0 114.46
137251600.0 137252600.0 0 114.61
137252600.0 137253600.0 1 114.60
137253600.0 137254600.0 0 114.33
137254600.0 137255600.0 0 67.04
137255600.0 137256600.0 0 68.44
137256600.0 137257600.0 1 113.76
137257600.0 137258600.0 0 114.65
137258600.0 137259600.0 0 114.65
137259600.0 137260600.0 0 114.35
137260600.0 137261600.0 0 79.90
137261600.0 137262600.0 0 51.88
137262600.0 137263600.0 1 114.39
137263600.0 137264600.0 0 114.63
137264600.0 137265600.0 0 114.60
137265600.0 137266600.0 4 114.29
137266600.0 137267600.0 0 90.61
137267600.0 137268600.0 1 34.49
137268600.0 137269600.0 1 114.30
137269600.0 137270600.0 1 114.65
137270600.0 137271600.0 1 114.63
137271600.0 137272600.0 1 114.34
137272600.0 137273600.0 0 82.28
137273600.0 137274600.0 0 19.79
137274600.0 137275600.0 0 114.35
137275600.0 137276600.0 0 114.73
137276600.0 137277600.0 0 114.61
137277600.0 137278600.0 0 114.29
137278600.0 137279600.0 0 86.53
137279600.0 137280600.0 0 5.62
137280600.0 137281600.0 0 113.75
137281600.0 137282600.0 0 112.75
137282600.0 137283600.0 1 114.58
137283600.0 137284600.0 0 114.38
137284600.0 137285600.0 0 84.50
137285600.0 137286600.0 0 0.00
137286600.0 137287600.0 0 104.80
137287600.0 137288600.0 1 114.53
137288600.0 137289600.0 1 110.81
137289600.0 137290600.0 0 93.50
137290600.0 137291600.0 0 104.96
137291600.0 137292600.0 0 4.90
137292600.0 137293600.0 0 94.12
137293600.0 137294600.0 0 114.55
137294600.0 137295600.0 1 114.50
137295600.0 137296600.0 0 77.78
137296600.0 137297600.0 1 114.29
137297600.0 137298600.0 0 13.81
137298600.0 137299600.0 1 81.62
137299600.0 137300600.0 1 114.58
137300600.0 137301600.0 0 114.53
137301600.0 137302600.0 0 77.85
137302600.0 137303600.0 1 114.37
137303600.0 137304600.0 0 24.65
137304600.0 137305600.0 1 70.74
137305600.0 137306600.0 0 114.43
137306600.0 137307600.0 0 109.98
137307600.0 137308600.0 0 77.74
137308600.0 137309600.0 1 114.37
137309600.0 137310600.0 0 41.09
137310600.0 137311600.0 0 58.12
137311600.0 137312600.0 0 114.33
137312600.0 137313600.0 0 79.88
137313600.0 137314600.0 0 114.49
137314600.0 137315600.0 1 114.31
137315600.0 137316600.0 0 61.28
137316600.0 137317600.0 0 47.28
137317600.0 137318600.0 0 114.20
137318600.0 137319600.0 0 77.82
137319600.0 137320600.0 2 114.42
137320600.0 137321600.0 0 114.32
137321600.0 137322600.0 0 85.12
137322600.0 137323600.0 1 36.55
137323600.0 137324600.0 0 114.17
137324600.0 137325600.0 0 77.83
137325600.0 137326600.0 0 114.52
137326600.0 137327600.0 1 114.43
137327600.0 137328600.0 1 109.05
137328600.0 137329600.0 0 21.89
137329600.0 137330600.0 0 92.64
137330600.0 137331600.0 2 97.19
137331600.0 137332600.0 0 114.48
137332600.0 137333600.0 0 114.37
137333600.0 137334600.0 0 114.11
137334600.0 137335600.0 1 24.41
137335600.0 137336600.0 0 68.46
137336600.0 137337600.0 2 114.42
137337600.0 137338600.0 0 114.43
137338600.0 137339600.0 1 114.43
137339600.0 137340600.0 1 114.13
137340600.0 137341600.0 0 33.42
137341600.0 137342600.0 0 61.82
137342600.0 137343600.0 0 114.43
137343600.0 137344600.0 1 114.59
137344600.0 137345600.0 0 114.43
137345600.0 137346600.0 1 114.15
137346600.0 137347600.0 0 46.02
137347600.0 137348600.0 0 73.27
137348600.0 137349600.0 1 114.39
137349600.0 137350600.0 0 114.55
137350600.0 137351600.0 1 114.41
137351600.0 137352600.0 1 114.05
137352600.0 137353600.0 0 54.90
137353600.0 137354600.0 2 70.01
137354600.0 137355600.0 0 114.32
137355600.0 137356600.0 0 114.64
137356600.0 137357600.0 0 114.41
137357600.0 137358600.0 0 114.17
137358600.0 137359600.0 0 42.06
137359600.0 137360600.0 1 53.54
137360600.0 137361600.0 1 114.29
137361600.0 137362600.0 0 105.32
137362600.0 137363600.0 3 114.37
137363600.0 137364600.0 0 114.13
137364600.0 137365600.0 0 14.37
137365600.0 137366600.0 1 38.89
137366600.0 137367600.0 0 114.31
137367600.0 137368600.0 0 114.51
137368600.0 137369600.0 0 114.33
137369600.0 137370600.0 0 91.45
137370600.0 137371600.0 0 46.84
137371600.0 137372600.0 0 26.15
137372600.0 137373600.0 1 114.33
137373600.0 137374600.0 0 114.62
137374600.0 137375600.0 0 105.24
137375600.0 137376600.0 0 59.41
137376600.0 137377600.0 0 81.47
137377600.0 137378600.0 0 14.05
137378600.0 137379600.0 0 113.89
137379600.0 137380600.0 0 114.50
137380600.0 137381600.0 0 114.37
137381600.0 137382600.0 0 50.27
137382600.0 137383600.0 2 90.52
137383600.0 137384600.0 0 3.23
137384600.0 137385600.0 1 113.87
137385600.0 137386600.0 1 114.38
137386600.0 137387600.0 0 100.71
137387600.0 137388600.0 1 65.48
137388600.0 137389600.0 0 103.16
137389600.0 137390600.0 0 0.00
137390600.0 137391600.0 1 102.58
137391600.0 137392600.0 0 114.37
137392600.0 137393600.0 0 73.40
137393600.0 137394600.0 0 95.99
137394600.0 137395600.0 0 114.20
137395600.0 137396600.0 0 5.48
137396600.0 137397600.0 0 93.61
137397600.0 137398600.0 0 114.19
137398600.0 137399600.0 0 53.39
137399600.0 137400600.0 2 114.36
137400600.0 137401600.0 0 114.17
137401600.0 137402600.0 0 27.48
137402600.0 137403600.0 0 82.75
137403600.0 137404600.0 1 107.29
137404600.0 137405600.0 0 44.71
137405600.0 137406600.0 0 114.28
137406600.0 137407600.0 0 114.08
137407600.0 137408600.0 0 53.23
137408600.0 137409600.0 0 72.16
137409600.0 137410600.0 0 13.69
137410600.0 137411600.0 0 0.00
137411600.0 137412600.0 0 0.00
137412600.0 137413600.0 0 0.00
137413600.0 137414600.0 0 0.00
137414600.0 137415600.0 0 0.00
137415600.0 137416600.0 0 0.00
137416600.0 137417600.0 0 0.00
137417600.0 137418600.0 0 0.00
137418600.0 137419600.0 0 0.00
137419600.0 137420600.0 0 0.00
137420600.0 137421600.0 0 0.00
137421600.0 137422600.0 0 0.00
137422600.0 137423600.0 0 0.00
137423600.0 137424600.0 0 0.00
137424600.0 137425600.0 0 0.00
137425600.0 137426600.0 0 0.00
137426600.0 137427600.0 0 0.00
137427600.0 137428600.0 0 0.00
137428600.0 137429600.0 0 0.00
137429600.0 137430600.0 0 0.00
137430600.0 137431600.0 0 0.00
137431600.0 137432600.0 0 0.00
137432600.0 137433600.0 0 0.00
137433600.0 137434600.0 0 0.00
137434600.0 137435600.0 0 99.51
137435600.0 137436600.0 0 114.34
137436600.0 137437600.0 0 114.16
137437600.0 137438600.0 0 113.93
137438600.0 137439600.0 0 19.35
137439600.0 137440600.0 2 103.51
137440600.0 137441600.0 1 114.29
137441600.0 137442600.0 0 114.50
137442600.0 137443600.0 2 114.17
137443600.0 137444600.0 0 113.90
137444600.0 137445600.0 0 0.00
137445600.0 137446600.0 0 89.09
137446600.0 137447600.0 1 114.40
137447600.0 137448600.0 0 108.79
137448600.0 137449600.0 0 114.23
137449600.0 137450600.0 0 82.20
137450600.0 137451600.0 0 0.00
137451600.0 137452600.0 0 74.45
137452600.0 137453600.0 0 114.31
137453600.0 137454600.0 0 114.43
137454600.0 137455600.0 0 114.23
137455600.0 137456600.0 0 45.76
137456600.0 137457600.0 0 29.52
137457600.0 137458600.0 0 59.76
137458600.0 137459600.0 0 114.38
137459600.0 137460600.0 2 114.43
137460600.0 137461600.0 0 106.82
137461600.0 137462600.0 0 41.09
137462600.0 137463600.0 0 45.84
137463600.0 137464600.0 1 49.18
137464600.0 137465600.0 2 114.38
137465600.0 137466600.0 0 114.31
137466600.0 137467600.0 0 100.52
137467600.0 137468600.0 1 52.37
137468600.0 137469600.0 0 54.70
137469600.0 137470600.0 0 36.63
137470600.0 137471600.0 0 114.28
137471600.0 137472600.0 1 114.29
137472600.0 137473600.0 0 64.50
137473600.0 137474600.0 0 86.68
137474600.0 137475600.0 1 67.48
137475600.0 137476600.0 0 25.94
137476600.0 137477600.0 1 113.20
137477600.0 137478600.0 1 114.21
137478600.0 137479600.0 0 32.08
137479600.0 137480600.0 0 114.17
137480600.0 137481600.0 0 83.89
137481600.0 137482600.0 0 15.30
137482600.0 137483600.0 1 113.81
137483600.0 137484600.0 0 112.06
137484600.0 137485600.0 0 34.83
137485600.0 137486600.0 0 114.16
137486600.0 137487600.0 0 106.29
137487600.0 137488600.0 0 4.46
137488600.0 137489600.0 0 113.96
137489600.0 137490600.0 0 78.50
137490600.0 137491600.0 0 68.40
137491600.0 137492600.0 1 114.12
137492600.0 137493600.0 0 113.98
137493600.0 137494600.0 0 19.49
137494600.0 137495600.0 0 107.57
137495600.0 137496600.0 0 45.51
137496600.0 137497600.0 0 104.98
137497600.0 137498600.0 0 114.23
137498600.0 137499600.0 0 114.04
137499600.0 137500600.0 1 43.32
137500600.0 137501600.0 0 94.87
137501600.0 137502600.0 0 18.14
137502600.0 137503600.0 0 0.00
137503600.0 137504600.0 0 0.00
137504600.0 137505600.0 0 0.00
